23 17 6
15 23
19 1
4 3
8 6
15 24
19 23
14 24
6 5
9 16
9 21
18 21
1 10
13 22
20 12
1 18
8 13
23 3
652 3290 133
77 393
649 286
261 93
332 426
593 559
3 531
592 539
643 268
215 548
382 239
603 501
217 582
190 406
446 59
539 388
624 19
73 389
298 211
561 82
382 379
607 94
470 170
43 182
266 26
491 563
602 369
58 150
350 15
29 334
317 274
64 507
146 356
632 504
42 624
627 575
222 507
455 423
462 381
406 5
556 563
127 506
68 271
5 563
615 140
51 244
371 93
494 598
257 165
80 359
310 126
384 376
51 333
500 42
512 509
378 541
158 602
40 597
371 512
283 437
535 11
241 3
50 475
501 424
528 135
200 182
473 65
540 623
377 47
464 76
162 273
449 19
639 71
388 184
626 428
632 438
599 182
242 269
2 371
554 481
368 82
477 336
38 139
99 268
7 152
564 177
626 474
411 426
258 634
334 643
377 379
91 302
360 453
8 226
352 413
67 566
32 373
408 10
250 417
98 420
132 511
493 132
288 503
610 497
374 50
543 283
309 27
149 428
336 634
577 264
470 534
133 607
617 497
100 488
108 36
280 416
359 114
22 516
277 64
271 110
165 312
149 96
650 177
351 520
227 434
154 488
630 87
256 136
213 610
327 156
352 282
465 326
67 576
240 195
310 535
601 227
606 276
142 556
274 282
434 475
581 110
398 367
232 102
310 1
485 648
217 150
549 618
370 528
317 25
352 129
595 640
144 576
548 420
398 74
92 406
33 384
595 114
257 511
469 559
7 237
557 442
279 550
279 163
555 406
284 403
231 225
108 244
193 429
462 582
572 163
196 210
42 112
193 612
174 241
653 440
498 121
284 490
617 26
561 131
408 608
107 400
359 640
393 240
37 138
236 495
575 84
540 17
562 9
607 434
583 405
278 73
8 296
642 588
355 502
224 250
59 91
44 478
575 402
523 545
253 326
196 280
580 372
197 470
584 520
14 144
74 298
52 290
149 152
312 105
57 560
371 601
546 154
631 48
267 643
138 313
432 16
97 320
349 247
70 255
53 459
130 98
23 452
127 628
128 541
313 201
79 78
462 276
30 455
209 263
48 649
590 372
531 412
46 184
567 83
224 545
493 647
271 390
393 623
110 245
275 437
312 507
299 276
135 457
92 629
216 6
573 305
83 478
424 448
97 32
145 213
123 376
303 58
155 282
395 570
278 179
322 210
429 522
238 490
124 53
302 369
310 567
460 4
181 81
262 399
543 23
342 282
262 143
402 467
70 46
26 613
497 648
55 357
587 416
170 230
345 341
637 147
420 107
223 326
272 53
447 348
27 355
388 309
462 219
169 390
564 604
21 349
414 113
338 426
488 614
5 541
328 352
317 342
234 34
322 126
409 590
336 620
183 396
111 517
470 239
105 38
469 286
284 361
120 260
209 451
82 193
140 467
331 322
535 462
109 290
283 648
68 238
250 188
170 237
243 431
521 504
18 226
123 110
81 357
315 652
86 484
226 143
39 17
568 264
485 201
296 354
4 597
637 408
289 300
111 577
402 423
154 203
27 129
466 392
475 118
50 393
166 292
249 519
189 43
257 86
259 108
647 611
406 297
434 627
498 294
103 523
406 619
499 178
259 517
168 390
590 323
422 194
149 264
141 407
295 365
27 26
140 98
50 262
344 22
619 439
535 415
5 302
547 79
218 287
237 241
312 153
482 229
485 462
172 412
354 387
465 32
154 590
78 297
600 314
556 641
174 538
626 615
483 175
220 310
60 384
497 399
352 422
484 624
299 496
464 114
586 647
624 106
481 607
122 36
171 167
260 514
459 255
121 173
562 99
567 204
319 115
81 305
339 562
362 433
476 300
533 552
79 554
585 615
274 561
302 591
398 261
211 411
638 137
643 396
589 103
189 272
120 566
422 585
461 132
369 81
275 430
18 432
403 385
353 297
416 182
425 580
257 462
282 528
307 332
385 354
211 649
376 86
500 464
592 344
87 191
537 542
162 507
532 609
590 548
425 395
496 339
14 184
581 410
306 125
144 466
581 613
518 313
414 486
434 92
213 537
147 30
378 74
493 283
441 354
104 517
63 388
181 77
333 542
554 471
604 494
485 540
524 569
593 475
81 64
516 404
228 178
99 558
607 331
278 420
200 195
560 196
31 125
337 534
46 438
563 555
501 34
257 447
528 344
427 215
351 104
463 227
644 430
191 29
350 552
618 402
162 382
560 454
274 420
185 371
28 451
415 227
587 364
420 573
451 14
262 647
498 298
303 250
237 336
89 392
114 642
76 88
41 49
264 156
398 558
563 41
280 462
471 317
99 209
525 129
517 29
414 584
103 414
496 220
468 498
364 405
63 284
378 3
458 424
205 556
496 494
126 550
519 306
90 123
308 446
433 538
434 140
562 221
426 473
506 23
500 403
418 559
616 63
292 155
622 435
97 372
621 610
572 125
123 311
491 561
600 128
437 510
220 53
220 63
546 34
111 30
162 563
140 535
126 526
91 503
530 330
27 354
598 652
529 157
145 638
118 428
435 41
488 12
148 380
580 153
30 97
288 275
69 257
28 558
348 507
177 134
73 134
334 494
390 25
360 448
229 100
515 371
417 99
195 334
85 621
595 78
361 133
251 210
201 441
595 158
318 45
139 464
466 125
539 89
506 225
322 400
34 375
331 345
272 229
251 406
216 644
237 268
67 161
178 492
133 486
351 483
216 144
349 550
27 299
299 585
522 567
215 200
5 184
311 614
99 254
474 599
439 157
508 42
8 99
377 188
408 606
551 260
60 634
603 234
1 75
532 597
206 261
149 171
485 464
381 446
190 310
222 111
314 364
46 216
48 174
226 338
631 199
566 488
297 351
176 146
575 129
567 650
53 138
13 468
641 26
423 373
554 11
172 585
541 528
57 77
542 331
124 397
189 105
432 161
141 99
648 324
638 279
514 507
125 377
430 369
216 168
562 57
422 419
293 220
459 592
78 473
309 604
23 284
144 130
426 252
277 337
440 123
581 397
37 267
579 323
237 216
384 632
253 272
199 101
64 39
53 129
465 218
379 146
437 300
483 430
219 318
142 405
66 604
302 388
410 589
240 210
167 620
142 82
216 494
461 490
363 417
150 276
204 566
243 418
209 203
224 99
443 569
139 400
10 368
497 483
581 163
482 198
219 98
204 357
221 457
522 503
109 320
176 321
180 276
123 105
442 653
238 32
370 92
450 134
420 169
155 215
173 606
75 578
289 29
108 162
651 325
242 78
612 91
225 399
113 139
19 573
298 190
43 72
302 128
261 325
622 358
59 82
126 165
129 589
527 145
185 532
119 278
211 60
468 566
583 183
265 428
124 237
23 571
62 72
195 211
614 520
139 174
294 359
326 484
39 255
324 313
301 442
459 38
263 536
480 219
9 75
504 5
108 78
115 7
319 617
615 69
14 279
169 415
311 505
320 137
49 506
511 473
456 242
317 226
4 126
282 330
66 254
469 3
135 440
549 167
140 523
243 333
243 308
618 527
580 527
143 441
598 30
510 401
134 244
487 59
428 312
589 591
492 319
176 384
502 496
312 361
409 107
328 523
13 135
640 31
343 272
22 417
296 561
112 366
314 234
60 133
578 513
412 649
207 598
601 231
390 558
180 389
303 530
352 290
545 80
169 543
42 132
261 520
204 519
75 588
567 256
632 224
464 522
614 106
344 126
600 367
482 184
594 123
143 535
406 135
402 59
582 67
311 575
346 215
327 419
220 356
537 245
254 69
291 500
236 123
568 151
408 322
287 608
402 581
619 482
537 273
239 123
540 11
378 303
609 168
630 137
564 337
4 334
435 307
158 504
408 631
139 628
455 56
577 52
190 2
182 154
331 225
371 576
25 13
195 171
150 405
197 455
542 499
7 607
560 167
475 312
81 206
653 163
471 199
177 18
145 265
147 296
636 651
534 13
459 86
619 454
637 79
90 31
435 296
413 512
445 378
7 604
297 410
144 384
66 299
348 174
358 423
298 210
597 548
129 194
149 17
547 316
136 569
8 22
156 403
161 498
24 237
393 150
143 641
539 497
348 409
243 210
378 362
429 426
386 272
370 23
387 174
272 475
476 459
579 464
82 112
204 630
33 159
135 8
125 650
304 382
132 646
60 576
142 13
23 520
392 498
152 102
154 175
278 49
612 484
637 168
400 499
140 123
505 383
76 104
266 342
536 369
263 20
162 474
490 477
642 619
649 476
423 443
253 415
36 506
239 193
641 483
86 475
380 597
499 403
250 161
95 297
447 211
55 638
38 433
20 618
238 154
431 595
65 595
130 531
575 359
551 636
235 399
211 632
101 303
575 383
50 627
166 161
95 449
327 592
82 637
551 498
401 115
514 375
174 482
257 650
626 629
263 559
562 169
375 151
395 353
1 320
610 363
100 243
26 92
364 533
47 100
653 255
540 196
25 57
552 632
172 259
296 158
123 211
286 653
430 363
472 97
614 347
49 143
538 42
329 125
537 244
357 638
273 339
316 172
65 317
10 107
436 526
69 531
540 448
284 353
601 598
266 86
345 610
3 463
535 137
510 421
339 528
562 642
147 502
472 64
41 298
438 552
318 498
393 182
139 39
412 615
321 232
586 441
460 165
289 645
570 449
646 65
161 177
612 273
164 208
571 53
139 296
176 167
369 14
532 534
520 82
59 367
602 225
11 374
475 71
131 574
46 647
508 463
277 37
117 27
285 421
108 180
521 630
135 166
390 649
460 269
225 533
613 185
99 123
66 422
349 193
390 39
353 16
620 615
510 333
21 58
156 464
176 482
166 646
623 190
229 360
143 183
243 146
349 367
148 193
277 343
55 434
102 396
270 418
85 539
94 527
176 569
347 109
539 409
72 175
81 119
202 491
618 523
233 389
650 147
540 449
87 168
161 648
428 300
244 233
490 111
271 258
201 566
505 650
330 453
564 8
342 626
518 599
164 358
567 562
117 641
9 593
567 1
107 77
132 541
570 115
104 9
621 554
395 637
233 252
243 432
111 524
447 255
442 454
533 133
267 394
509 366
212 223
76 321
120 117
491 266
7 563
24 379
123 257
97 303
217 179
400 633
164 57
619 143
226 247
30 343
41 110
626 614
486 19
147 159
299 56
391 406
575 400
342 495
367 460
325 6
22 371
525 447
405 564
521 592
254 167
572 287
146 261
503 147
184 553
206 563
328 37
78 3
540 480
308 17
221 630
382 363
163 100
185 33
551 543
230 434
35 85
303 652
611 627
597 364
302 70
95 153
56 584
559 241
191 645
451 328
579 168
585 13
440 371
522 423
357 199
611 94
611 565
28 398
408 616
249 448
264 592
574 209
519 190
543 189
485 338
600 275
450 211
491 106
436 185
136 348
302 168
411 11
541 285
623 336
122 601
44 476
463 596
218 209
199 619
482 323
338 368
385 203
280 102
258 574
407 328
52 581
63 17
604 346
597 315
305 224
48 229
372 366
575 470
275 245
438 488
433 357
54 497
32 236
474 104
647 634
649 455
326 18
261 309
165 439
490 43
417 612
517 612
517 543
357 41
363 284
246 24
89 574
15 418
460 152
643 246
248 491
423 102
203 55
95 421
408 463
255 261
41 1
291 446
7 383
278 131
103 216
290 594
178 433
632 30
11 62
213 302
272 24
148 181
145 571
543 578
541 628
550 141
442 327
652 296
400 240
343 530
389 163
643 581
455 389
595 323
193 471
646 297
510 337
523 138
588 466
338 367
526 643
547 184
101 185
548 571
287 328
69 401
193 409
238 307
64 563
56 309
561 266
297 365
522 399
461 220
431 653
281 492
234 173
605 188
625 419
252 335
570 373
406 577
276 618
195 439
489 175
221 173
266 272
245 589
417 419
531 553
417 92
462 389
416 168
423 228
490 23
645 34
151 229
535 481
411 590
108 599
323 484
467 232
433 264
164 354
497 199
370 96
232 312
572 216
355 53
428 330
441 322
248 426
497 66
69 442
501 80
534 300
310 383
131 403
597 624
153 364
366 510
101 548
115 601
255 148
297 451
524 419
172 219
147 264
3 67
4 153
47 103
86 556
81 505
284 84
607 265
209 509
358 295
224 600
555 202
595 613
326 578
574 555
42 61
141 159
167 192
277 29
291 207
480 376
290 607
53 350
28 250
583 456
107 650
59 498
396 508
436 628
601 197
456 96
544 503
634 20
185 418
15 148
111 429
419 626
598 223
599 331
46 353
529 480
93 75
432 623
276 317
537 57
46 276
119 140
109 377
208 72
397 378
430 423
124 108
400 168
621 564
129 63
254 125
269 516
634 231
635 185
609 579
481 143
274 369
184 197
447 547
246 77
564 493
85 249
10 379
104 14
467 184
247 488
146 437
332 273
164 178
156 186
640 3
346 601
360 465
273 144
257 525
487 526
639 308
284 577
534 254
537 303
16 384
440 186
651 395
613 606
36 597
338 103
160 636
458 447
520 445
86 295
627 198
444 381
295 334
566 535
635 8
42 594
296 519
203 484
640 246
605 305
20 226
223 20
521 444
446 318
631 88
108 380
282 592
183 518
287 25
9 154
573 523
604 519
210 139
120 114
419 77
111 612
195 190
53 570
356 140
610 388
404 495
128 561
459 315
258 403
552 457
203 253
206 323
537 143
517 232
310 371
431 461
555 49
361 204
30 263
276 332
15 373
281 465
65 183
568 68
405 644
452 521
551 597
241 617
74 139
33 375
22 490
360 505
167 361
507 652
367 120
487 336
354 298
240 117
34 448
34 93
497 205
489 14
118 16
150 610
648 419
316 460
118 77
559 159
280 458
283 153
403 342
322 197
11 264
633 121
224 553
257 229
360 436
291 115
120 383
15 413
619 85
448 510
586 175
208 162
283 511
243 305
204 494
553 448
351 566
399 153
304 244
155 510
72 565
508 293
363 260
645 330
560 624
359 208
539 542
461 555
291 350
602 292
504 393
244 274
382 502
573 138
253 291
506 449
618 253
27 451
314 303
429 265
525 453
168 438
589 230
528 263
556 235
104 496
271 109
79 534
253 217
541 81
128 175
258 523
326 122
418 30
519 529
623 313
521 556
604 260
54 153
405 426
273 145
416 545
208 497
340 204
247 466
534 351
532 398
337 159
388 635
596 266
650 20
535 51
157 624
275 349
171 286
638 596
17 72
549 80
561 54
136 472
602 58
7 291
493 41
289 306
84 394
338 605
263 21
182 69
59 626
230 503
65 634
617 500
4 479
399 138
432 105
622 133
56 652
431 626
255 41
123 636
24 551
114 445
334 244
294 157
134 136
366 97
568 2
424 502
436 286
592 168
368 201
398 539
63 315
317 49
59 635
235 527
622 537
588 448
339 282
561 268
102 15
614 98
363 75
354 530
424 17
180 49
166 506
627 189
579 223
447 488
589 180
572 23
437 162
183 468
301 603
115 629
173 405
10 602
172 644
153 342
228 86
358 235
538 487
302 506
129 289
490 622
649 133
145 254
475 559
251 77
376 441
420 355
632 158
517 530
201 381
412 359
415 31
20 366
551 218
209 492
220 143
130 154
419 603
648 346
631 207
613 584
200 294
162 58
411 516
372 483
14 56
192 71
87 57
566 96
173 499
500 528
478 144
15 579
275 108
410 89
102 148
214 523
612 139
240 9
62 120
22 304
500 93
591 168
614 29
326 517
579 307
210 421
64 248
215 444
309 507
445 183
118 194
150 102
625 265
620 20
506 3
287 208
65 520
343 110
357 478
21 601
462 233
467 641
176 71
279 206
392 348
477 152
25 174
646 81
573 26
329 511
366 207
43 125
281 10
632 201
179 527
144 640
489 354
577 71
541 548
487 339
529 274
301 548
310 344
393 166
34 572
608 491
59 603
136 2
238 223
48 404
131 382
82 405
157 281
152 639
307 318
238 381
320 465
502 509
586 324
474 434
262 277
159 351
194 135
483 39
348 279
100 223
637 381
536 41
546 545
5 642
138 540
335 288
311 555
182 164
205 323
328 203
193 555
568 427
596 450
503 559
118 305
171 404
326 477
32 638
453 143
473 185
92 621
207 367
166 629
464 580
104 295
92 356
37 573
514 214
180 97
374 510
159 240
609 462
9 284
492 133
364 631
193 539
142 29
116 159
159 448
375 645
114 176
82 283
454 69
211 141
559 352
1 68
413 410
571 124
28 56
132 136
569 42
519 381
143 200
162 458
2 213
187 160
68 436
325 439
211 158
224 228
627 314
373 435
499 42
162 141
586 513
455 243
231 75
580 161
199 508
357 645
398 107
589 41
307 37
269 74
605 349
585 294
127 560
436 369
510 19
392 314
28 255
88 237
78 611
412 600
395 524
170 119
593 165
484 517
560 223
252 158
223 602
10 372
601 634
587 527
32 602
115 129
312 330
350 35
437 57
289 439
358 76
317 58
233 355
64 14
580 530
638 265
140 577
49 245
247 585
497 119
211 101
270 125
321 184
33 199
47 298
347 330
616 623
548 34
155 239
332 75
594 48
379 375
98 532
408 248
505 117
400 496
420 205
453 485
185 234
504 197
350 14
418 61
421 6
452 43
439 574
446 636
621 433
547 86
178 578
74 131
345 91
577 10
270 189
244 20
652 535
254 618
138 442
60 652
576 557
567 251
66 150
480 18
537 608
446 585
305 172
534 104
591 441
304 78
429 444
75 316
406 629
370 302
459 500
149 399
240 26
77 527
216 127
340 27
618 134
606 124
31 6
510 300
640 488
415 36
38 642
162 604
36 528
99 441
472 637
356 285
257 153
533 612
542 481
519 436
363 220
134 496
509 590
542 110
604 316
598 110
566 111
382 545
324 380
245 341
477 242
130 63
361 434
237 615
531 548
573 496
651 486
406 243
417 256
474 423
607 23
379 179
473 450
564 585
642 464
502 212
376 268
63 274
298 264
351 367
224 154
490 423
653 152
559 57
109 555
457 2
17 495
366 376
9 603
379 176
258 9
516 457
322 371
51 580
542 179
277 541
621 208
628 331
31 530
395 587
545 85
248 183
652 259
530 256
453 597
458 92
356 335
365 311
424 50
297 542
275 197
21 108
11 271
349 230
539 334
149 5
209 250
146 592
545 169
557 516
605 533
618 349
173 637
560 620
389 2
75 151
181 232
557 185
554 448
44 23
543 592
569 568
174 632
332 502
524 168
214 88
448 544
137 410
297 108
63 270
613 69
91 35
529 164
401 281
536 13
434 452
543 22
162 127
106 348
642 644
519 305
389 173
645 203
598 29
71 538
577 196
423 553
218 175
500 352
132 422
109 104
588 461
653 151
5 62
264 618
337 146
265 585
407 429
261 240
271 387
93 7
309 145
51 308
174 14
450 595
440 339
446 46
465 156
93 411
348 568
199 584
10 201
218 530
335 507
446 64
440 360
122 269
233 336
217 194
647 502
68 546
370 398
522 67
368 443
249 559
445 601
552 32
330 586
435 276
533 242
325 358
636 415
533 139
57 287
447 364
544 526
264 379
324 14
44 258
28 437
382 205
423 387
496 366
207 146
331 205
586 110
403 639
515 191
115 174
522 539
559 599
322 602
631 202
467 433
348 102
608 125
12 232
51 158
67 221
138 312
506 29
199 618
284 141
547 212
96 299
621 581
115 323
429 510
321 300
275 287
452 141
555 542
540 53
449 638
83 411
104 266
623 311
431 578
460 75
491 107
461 153
420 238
134 70
538 92
608 412
224 571
55 128
59 287
71 334
148 378
621 333
134 53
331 576
109 222
92 237
525 501
349 225
231 406
247 297
426 602
110 395
12 485
639 395
30 292
17 352
470 221
576 448
329 145
526 277
40 636
380 231
471 327
584 538
581 510
574 641
407 443
468 601
246 529
652 258
444 329
349 554
495 134
345 282
30 260
632 545
95 304
521 92
579 78
282 238
293 168
243 162
574 230
612 566
478 501
576 471
402 187
162 270
210 574
277 208
198 69
623 509
515 579
558 403
642 497
179 30
219 380
411 546
142 414
136 434
216 515
429 259
625 141
108 511
328 469
264 376
28 566
490 214
251 340
347 267
75 574
459 495
653 109
64 571
612 185
526 458
188 51
182 483
440 280
272 247
32 1
33 147
649 501
350 650
327 159
345 101
317 526
530 595
434 331
597 113
60 291
350 592
557 588
2 333
298 261
606 409
38 212
151 428
171 164
27 254
159 133
176 493
617 101
322 414
127 625
169 427
615 407
73 539
116 249
549 488
616 557
308 462
393 314
331 190
277 338
58 81
504 312
583 228
167 243
394 2
300 67
251 124
210 143
567 529
489 220
646 571
31 224
276 396
65 12
65 105
346 310
112 106
122 539
12 6
70 551
404 594
314 442
58 487
582 451
405 630
312 341
275 148
148 6
246 506
343 605
250 582
212 540
6 547
161 481
264 7
116 2
264 419
494 21
616 489
311 387
91 382
651 578
135 141
630 129
519 524
329 200
260 645
299 564
37 183
651 248
574 581
66 586
15 502
467 605
633 157
550 377
268 584
115 238
604 536
216 220
260 292
568 14
7 13
17 368
68 372
319 287
431 530
1 94
519 35
577 269
478 645
391 472
123 48
12 252
496 205
37 632
486 134
75 625
252 503
101 250
334 227
512 527
405 101
497 491
399 540
589 370
472 213
368 560
405 211
308 81
418 232
225 307
510 218
137 249
169 618
47 46
376 125
161 140
550 27
547 350
582 441
480 341
551 309
332 328
205 624
638 467
278 638
608 8
632 623
14 361
27 322
42 161
587 329
279 346
539 600
506 423
112 383
615 268
373 647
148 324
647 186
252 600
181 301
360 118
203 468
295 641
44 647
443 86
275 237
445 633
475 573
8 428
533 350
355 197
410 203
289 315
37 169
445 272
174 421
124 482
347 244
57 13
452 620
515 562
492 362
262 115
467 579
66 513
617 466
305 644
612 135
58 571
344 34
331 177
418 539
17 543
472 644
43 453
138 238
653 182
650 208
486 18
342 635
392 105
135 62
602 215
395 465
94 570
511 210
446 429
254 602
235 428
570 300
467 40
64 222
644 180
511 325
147 258
4 486
238 453
93 421
381 200
61 40
493 11
339 252
565 505
286 542
492 402
139 595
323 539
512 561
458 173
335 54
337 50
555 36
66 407
444 557
394 116
222 523
608 419
421 278
569 45
462 453
278 629
415 435
284 644
470 136
376 90
515 114
263 647
438 37
117 491
558 158
460 327
262 558
224 602
59 184
593 71
346 453
572 640
385 195
366 269
337 585
36 408
453 345
129 601
290 593
539 641
652 619
52 293
207 629
650 414
610 490
473 559
393 541
272 144
200 348
289 403
58 134
90 22
321 11
299 15
142 437
322 297
225 555
548 542
313 465
338 123
306 215
102 119
76 625
259 211
624 258
280 529
105 193
227 611
367 286
30 560
432 178
393 636
645 306
345 55
309 446
13 616
161 76
539 456
131 451
524 638
431 45
576 116
517 95
602 166
509 46
21 196
37 460
482 510
604 355
193 628
40 389
344 304
604 23
25 606
3 19
121 523
189 555
596 255
526 260
139 248
503 84
392 579
340 220
452 570
351 190
496 267
315 364
410 168
596 322
440 275
492 225
600 334
604 623
24 52
330 66
2 431
330 294
541 371
417 112
91 28
607 441
232 455
375 369
304 419
591 249
90 640
604 475
362 81
52 143
645 95
248 621
157 545
103 373
154 235
152 113
579 396
310 20
454 48
536 255
619 194
547 324
637 104
207 652
268 33
123 481
176 23
641 375
293 488
352 618
309 576
454 316
268 470
412 500
50 148
17 552
190 488
452 545
124 284
255 627
293 621
179 114
455 74
434 123
108 339
69 192
491 330
594 182
3 630
72 543
8 526
452 398
414 141
521 82
208 243
528 225
130 510
128 266
549 385
51 614
322 131
44 231
79 648
209 436
283 557
246 429
556 198
340 612
150 382
393 259
484 68
171 414
494 518
369 94
426 394
404 475
69 508
485 641
604 437
559 212
84 245
5 37
277 392
276 359
110 436
197 155
86 516
300 40
517 584
604 613
129 622
343 247
277 168
489 629
229 459
543 144
411 531
571 211
260 92
512 131
549 612
373 470
539 634
623 515
350 370
74 538
15 124
157 189
167 494
415 427
574 544
378 466
565 490
511 385
245 140
485 193
546 103
8 375
414 379
29 479
282 82
54 22
334 42
32 101
639 97
425 119
334 41
304 542
104 443
595 57
88 22
643 243
17 371
215 482
137 241
230 301
344 233
169 450
350 213
470 154
306 49
258 496
414 483
506 25
557 623
427 432
423 602
90 579
85 535
636 25
292 17
66 551
149 268
367 174
289 192
380 87
396 149
279 212
565 398
559 333
558 201
530 88
321 312
271 241
126 573
641 104
545 196
170 375
636 89
322 422
390 113
486 607
535 248
644 449
264 284
393 602
498 492
280 479
582 424
337 598
313 23
250 131
54 334
568 581
574 308
399 106
8 367
94 477
459 126
41 210
13 180
16 163
71 98
495 402
483 327
281 181
595 517
268 240
10 416
58 149
53 245
322 402
473 112
422 196
632 653
203 529
151 316
277 556
295 185
46 332
378 493
470 386
228 436
328 52
434 384
121 330
359 481
70 13
338 360
151 395
224 454
266 199
380 46
26 250
300 273
314 46
286 43
511 72
557 491
374 146
528 75
117 79
12 186
168 326
488 538
648 594
441 485
152 347
56 522
560 343
537 610
201 463
651 487
266 192
508 340
70 169
402 352
372 21
505 92
507 488
100 86
624 208
10 291
451 446
159 297
457 637
465 151
166 500
442 167
626 426
516 24
536 129
394 326
447 110
336 489
266 122
52 210
105 445
462 226
17 255
394 479
267 480
330 216
220 25
632 88
46 139
514 37
592 240
537 524
532 586
347 576
252 472
521 343
78 460
152 441
280 405
49 118
144 405
527 278
154 374
149 476
590 310
544 556
605 403
458 575
344 393
591 176
468 381
193 482
123 641
275 76
129 530
481 532
489 54
373 300
461 92
40 324
292 61
209 157
90 649
423 338
16 380
600 216
387 362
452 280
213 118
291 568
423 135
93 576
402 462
269 208
355 346
419 63
293 608
135 403
595 547
237 217
527 579
338 570
508 45
495 56
634 351
331 457
432 43
627 484
246 419
215 595
194 423
169 436
22 154
74 198
419 513
432 633
555 265
554 296
158 564
430 445
142 205
541 82
331 264
517 389
398 41
522 525
52 454
439 243
174 420
564 245
308 385
190 360
99 390
410 601
159 631
22 251
298 337
544 625
133 582
345 437
242 229
33 503
258 462
143 20
149 647
199 427
310 431
490 145
420 616
33 218
581 340
177 553
601 532
517 139
339 323
652 134
8 293
396 336
323 313
342 81
78 330
200 168
492 339
128 512
300 559
216 147
140 333
156 484
325 529
114 250
159 191
628 490
355 334
363 556
10 64
334 219
104 402
497 215
634 644
347 43
555 266
283 218
419 318
361 260
128 616
428 111
186 17
427 566
651 49
10 527
226 199
322 122
563 208
83 200
59 651
509 241
471 273
288 334
341 551
615 113
26 264
375 132
490 122
573 93
220 577
613 40
288 93
402 210
146 415
642 244
477 328
463 250
418 362
238 352
165 470
349 266
425 264
209 66
598 538
360 160
435 88
421 381
275 82
584 519
542 426
411 553
490 596
427 266
333 386
177 250
288 282
196 362
411 57
392 141
403 533
484 204
248 256
566 170
67 240
620 545
422 473
258 587
630 419
271 75
619 627
304 141
420 102
542 299
89 148
177 321
33 20
645 185
25 502
64 396
626 163
599 240
102 578
407 412
255 279
259 350
4 72
60 615
465 145
161 369
590 615
195 402
191 13
126 398
491 259
90 412
574 111
55 417
478 242
616 646
454 552
486 569
123 242
85 244
126 595
248 200
624 338
413 354
517 277
395 96
512 240
586 464
163 452
143 158
85 4
514 322
268 260
451 44
254 93
251 484
82 431
244 102
95 426
169 258
362 647
88 148
125 621
613 378
194 286
618 2
102 387
474 573
257 58
49 492
442 135
133 12
23 337
470 402
601 622
133 591
83 522
598 237
618 255
545 583
445 31
403 330
320 481
562 69
303 248
382 148
214 483
66 294
140 159
9 253
651 580
398 166
292 300
489 237
317 647
494 361
37 562
84 273
377 58
314 619
575 317
639 6
36 97
97 444
247 259
34 342
110 183
441 575
458 145
76 203
300 283
546 303
488 228
614 164
455 224
139 128
145 369
371 573
397 88
211 560
161 149
134 614
348 595
252 263
563 307
147 401
646 466
586 556
484 180
569 53
263 487
559 474
626 23
531 172
264 459
103 76
280 66
496 330
132 57
420 493
563 565
357 382
628 109
553 175
131 153
83 367
475 16
91 105
554 462
428 469
643 218
135 515
421 79
609 433
202 622
182 462
605 119
319 122
189 512
46 425
145 435
432 304
297 513
261 626
451 588
295 111
387 154
2 276
94 452
124 85
437 379
73 391
591 24
43 627
308 616
60 441
541 444
616 594
335 360
291 266
253 6
539 12
590 401
13 54
75 236
89 646
532 635
388 424
25 452
229 653
235 3
214 124
36 52
84 145
130 354
371 616
21 620
167 352
625 630
374 637
67 501
565 341
314 307
385 69
82 232
428 88
273 232
373 611
103 613
249 51
378 307
471 99
426 69
642 149
44 560
133 175
306 264
230 341
165 615
150 433
168 191
57 140
366 47
95 626
480 361
414 259
526 107
90 630
346 465
205 50
459 40
215 217
241 525
413 156
71 536
260 204
359 160
96 309
649 285
136 269
328 39
374 378
562 549
466 163
45 549
612 364
292 60
318 71
641 461
623 617
388 188
531 519
272 166
468 225
325 430
200 253
481 579
119 265
259 306
75 28 3
24 1
2 55
35 45
58 35
29 44
68 7
28 3
70 10
33 1
58 29
18 59
53 70
59 69
65 57
62 1
11 5
32 55
65 15
9 3
20 73
17 11
70 34
48 2
36 7
70 35
22 68
22 38
72 28
123 111 16
76 120
106 58
105 28
101 108
13 55
101 90
67 1
61 67
73 27
103 46
88 18
78 67
8 26
48 118
17 22
94 78
38 100
118 110
20 72
69 66
62 20
81 16
86 79
88 44
121 42
33 25
38 78
62 65
16 79
91 84
45 69
98 31
29 13
56 3
48 50
103 12
23 80
77 51
33 16
15 84
9 46
97 108
26 100
1 6
40 28
6 47
57 15
75 35
122 115
120 14
102 41
60 47
31 83
120 104
124 110
15 46
103 11
107 122
16 44
51 44
54 104
44 103
117 82
21 18
39 33
73 17
42 43
120 99
122 81
27 21
83 71
124 55
74 117
30 79
105 29
107 39
95 26
114 64
109 60
39 74
25 32
56 7
49 50
111 78
52 49
118 96
82 20
119 120
81 105
64 35
3 115
85 26
65 69
41 60
53 68
121 100
119 62
109 69
68 25
17 21
107 103
51 107
48 104
80 73
103 111
88 123
41 92
112 91
5 81
111 97
84 75
256 305 8
92 97
137 180
59 6
210 63
82 247
91 36
87 138
109 116
181 250
59 32
164 175
122 255
145 221
257 4
91 218
26 16
240 14
69 218
100 84
107 104
246 158
239 53
41 209
129 67
236 148
165 83
222 23
90 144
195 123
193 81
178 234
198 197
254 147
160 41
122 11
173 238
143 62
115 81
67 8
92 104
39 150
115 145
216 32
46 204
114 176
143 129
56 103
50 141
196 24
3 69
252 149
188 190
53 124
226 236
42 134
227 145
181 252
13 127
255 104
248 6
131 178
35 77
31 28
99 63
155 113
214 219
65 198
121 146
23 165
176 2
61 137
54 62
252 239
88 209
153 122
249 223
242 231
48 123
247 64
25 257
249 156
249 33
257 223
131 242
2 179
208 36
58 60
51 184
126 196
180 197
73 77
42 66
91 224
231 94
39 114
76 193
112 68
204 223
202 12
180 175
95 76
46 233
55 186
244 20
93 254
125 39
14 68
200 106
116 215
241 212
118 66
54 57
173 66
41 99
10 104
33 234
49 195
182 242
42 2
75 52
83 200
139 78
197 44
66 88
16 180
117 69
136 169
199 115
251 152
231 13
140 117
157 137
26 21
201 113
98 7
74 69
56 124
180 158
34 194
74 224
29 142
153 41
89 140
176 66
61 245
215 197
243 165
53 200
215 110
204 162
11 165
63 64
257 32
71 3
58 43
76 157
167 164
250 129
68 61
219 196
247 181
200 256
192 84
179 36
191 163
154 77
174 34
49 237
188 230
145 251
253 252
112 118
83 225
180 92
256 122
238 230
69 94
132 190
81 76
157 112
72 183
13 70
174 179
231 218
148 169
90 138
51 177
24 162
228 222
94 211
28 238
76 222
226 36
83 12
95 194
181 68
1 215
252 108
75 118
223 230
210 114
102 198
135 182
231 160
57 224
141 140
9 172
150 177
34 103
117 132
128 212
120 135
24 94
54 172
34 120
216 187
218 120
247 204
249 97
53 189
205 213
78 185
16 184
36 174
120 177
41 75
35 17
160 236
86 82
138 126
43 48
74 78
169 157
70 71
105 118
157 145
53 92
46 152
216 126
144 240
113 58
171 17
23 114
36 112
158 230
193 101
186 3
235 96
222 235
146 163
114 257
37 188
53 244
226 218
41 93
54 229
47 148
3 90
181 95
114 118
160 115
127 193
41 128
45 29
4 135
140 2
195 60
237 233
100 161
12 14
1 44
142 64
106 28
240 154
65 79
110 15
104 193
5 34
52 5
109 154
215 93
201 156
220 193
244 2
60 3
17 209
98 219
89 8
135 127
57 241
113 34
202 102
86 121
182 82
116 151
140 112
178 205
24 225
194 87
184 6
7 59
82 52
151 36
51 28
33 4
131 5 11
96 45
46 86
115 12
122 27
117 40
95 673 21
70 43
47 23
85 6
4 40
52 82
34 69
22 71
84 64
80 21
23 17
78 42
17 87
4 22
4 25
6 13
67 50
92 76
68 45
80 96
87 77
10 4
22 49
94 74
29 54
4 60
91 92
9 2
73 13
36 6
59 92
12 87
53 11
8 75
65 79
70 9
30 24
16 69
26 75
59 45
35 82
66 4
26 24
84 77
9 45
9 75
86 48
26 38
89 46
17 48
75 6
63 40
64 79
45 31
54 92
53 57
78 31
82 87
90 11
21 83
24 94
58 43
94 31
26 33
54 69
2 66
12 89
35 6
6 60
75 24
19 11
85 55
39 34
60 27
38 63
54 59
63 73
95 79
91 17
50 53
23 64
42 76
16 90
11 23
70 17
25 89
1 65
13 86
5 72
25 36
60 61
47 69
53 63
63 52
76 12
31 29
44 20
17 83
51 12
63 28
86 39
74 79
4 2
35 34
79 63
25 93
8 84
53 19
10 68
66 81
58 47
50 55
13 70
60 72
11 66
74 93
51 53
82 62
95 64
35 19
8 7
3 24
77 66
54 48
49 85
34 27
2 35
17 11
65 62
22 83
95 34
51 33
69 35
27 46
87 4
51 57
41 63
30 18
47 90
37 80
26 69
26 45
80 68
32 49
5 70
29 23
53 36
17 52
57 75
70 86
20 61
7 41
78 20
54 64
35 9
57 81
28 52
53 2
62 85
94 67
33 83
14 28
36 67
84 9
63 11
14 35
90 7
90 32
60 75
73 30
38 10
85 28
65 23
21 9
85 42
91 70
13 53
22 25
83 11
29 67
79 70
92 58
50 71
92 44
30 20
96 7
65 56
82 54
1 10
61 13
88 19
28 7
67 10
82 13
85 35
28 26
81 8
68 29
23 5
55 95
94 10
25 70
4 77
23 88
34 78
94 4
68 31
11 62
55 4
35 55
2 58
27 80
56 26
18 34
84 44
17 73
25 48
7 35
89 7
32 28
32 56
24 47
79 50
82 74
76 83
68 81
88 9
34 23
43 7
58 94
56 40
44 81
67 30
41 34
29 11
80 31
43 50
76 59
36 90
20 33
25 7
16 9
82 73
61 41
27 19
82 46
31 47
68 11
52 48
39 80
23 8
54 63
57 59
53 59
27 51
84 2
53 22
87 29
61 21
52 53
70 60
8 39
84 94
60 30
53 41
83 53
29 16
64 3
18 19
90 54
63 59
14 47
12 5
57 14
78 4
22 17
59 96
85 23
65 35
13 42
23 86
51 28
20 7
43 16
94 14
95 93
6 49
46 79
51 68
38 14
92 20
85 3
26 6
28 87
60 59
38 95
29 56
83 35
8 73
41 80
50 24
48 61
9 27
50 26
44 68
7 46
58 68
11 22
38 48
46 37
78 21
72 41
30 21
90 95
93 80
37 8
72 61
48 18
56 87
24 44
28 22
23 27
9 32
36 45
36 20
86 78
64 13
10 22
60 58
37 12
77 58
23 46
33 50
84 27
51 20
2 10
45 37
22 35
16 64
56 36
24 70
79 8
85 53
49 27
49 65
32 27
38 31
90 79
35 60
65 88
19 15
92 35
22 19
76 35
42 60
2 49
19 81
23 83
10 51
61 34
24 90
86 43
67 22
72 38
32 6
42 11
78 32
9 1
81 15
55 5
91 71
71 10
72 73
71 58
12 71
80 23
74 73
27 39
71 14
86 16
61 22
56 96
52 96
46 48
69 41
66 84
58 40
45 6
80 30
67 20
11 31
9 44
44 65
56 67
5 54
86 12
85 74
45 46
29 49
96 30
52 81
76 51
44 72
74 49
66 13
66 54
20 57
20 69
22 65
26 53
30 86
85 48
70 68
59 78
60 79
47 53
4 95
74 70
13 22
53 86
37 20
61 51
50 65
33 74
31 70
79 72
83 29
15 95
8 74
93 44
27 10
92 55
31 75
9 91
55 28
14 70
36 39
88 67
44 86
91 48
53 71
61 37
65 67
13 44
44 32
88 8
29 32
6 21
48 87
10 41
88 90
86 76
61 77
23 19
68 24
52 36
82 81
28 83
25 23
1 4
72 35
46 26
10 19
30 88
58 16
62 50
79 94
48 10
90 33
22 41
78 18
87 69
55 7
38 77
1 60
23 45
70 64
84 91
45 22
48 45
38 62
29 51
69 64
78 33
18 80
50 39
11 71
38 35
92 75
52 73
45 75
67 23
22 87
76 50
32 4
4 45
36 23
73 31
46 30
38 54
87 13
92 13
46 32
28 1
85 31
34 40
85 33
54 58
76 75
8 18
6 37
2 77
90 86
8 46
96 44
75 88
67 1
88 47
39 85
90 82
32 64
21 40
43 28
81 7
51 81
96 10
66 35
23 38
27 8
50 21
25 51
36 66
37 24
26 20
27 83
79 2
68 93
71 86
20 35
55 90
5 57
73 96
3 31
35 91
48 58
45 49
31 24
49 7
48 67
15 47
24 80
89 62
2 45
84 24
52 87
89 65
19 13
91 80
73 5
6 61
55 60
68 84
89 34
15 71
7 21
92 5
63 96
2 59
42 31
71 69
96 29
74 4
37 36
20 11
28 89
5 78
91 14
85 46
8 28
44 7
6 59
3 11
48 88
39 15
77 37
52 21
23 78
7 15
46 94
72 9
94 15
5 4
64 46
84 5
52 46
95 30
28 3
90 63
94 75
71 8
84 25
63 56
29 14
12 49
59 64
90 29
73 21
33 42
65 20
37 2
43 15
47 57
10 87
68 18
84 55
70 40
90 85
31 33
11 15
14 93
23 7
72 49
87 19
87 11
70 27
58 56
2 69
3 38
58 21
95 66
9 18
77 10
86 93
83 93
27 42
48 66
41 50
14 1
35 89
86 17
46 33
40 31
64 90
74 87
72 30
78 54
34 4
40 44
51 19
62 18
73 61
40 71
26 3
46 5
74 19
31 54
14 65
72 93
44 39
48 90
54 4
38 47
56 4
24 65
77 35
69 1
86 77
53 43
45 39
71 46
23 51
43 45
56 15
76 32
31 6 6
10 21
18 17
4 6
28 25
23 15
28 9
116 47 3
30 22
106 94
91 1
90 83
5 45
53 30
50 9
77 46
32 26
37 105
66 97
68 46
108 48
83 50
52 66
44 57
110 36
88 6
7 107
65 25
27 71
106 74
110 71
108 102
84 41
47 23
91 106
38 52
30 26
96 60
64 63
1 11
1 16
89 100
8 61
96 112
95 29
116 55
1 60
44 27
6 26
90 57
59 111
5 39
28 83
98 62
108 3
18 4 6
6 10
5 16
14 15
2 12
251 2 5
163 250
194 110
122 916 33
25 6
100 103
4 61
28 54
52 117
123 94
83 82
33 29
4 88
50 30
44 85
62 109
65 22
117 71
49 1
81 82
88 93
122 102
8 14
91 103
74 48
21 70
62 40
107 16
77 100
43 119
34 89
61 123
44 3
5 118
3 87
85 46
65 61
70 40
77 43
42 100
114 94
109 39
41 99
89 105
2 91
69 120
92 113
72 13
10 116
5 97
3 121
55 70
56 52
107 120
55 59
83 74
21 108
49 98
61 13
80 37
61 7
36 26
60 78
26 87
8 33
32 62
115 118
72 46
114 43
63 67
56 46
104 34
47 77
34 25
116 70
104 114
12 49
87 15
81 68
47 14
25 99
100 92
13 109
2 109
86 19
2 46
1 107
56 83
121 36
119 39
75 93
36 45
110 36
36 61
58 81
107 53
14 12
26 21
26 23
53 98
109 72
82 105
12 21
37 93
109 17
60 114
98 14
30 62
84 28
83 4
79 69
25 37
7 21
59 27
81 49
106 75
27 56
116 47
98 20
18 26
118 99
48 52
42 116
13 46
5 78
85 15
43 111
96 121
86 105
83 2
18 86
83 3
22 75
37 111
32 67
49 13
68 79
6 113
53 41
41 107
5 95
99 34
16 44
4 21
108 94
47 113
113 38
120 119
25 18
20 113
113 18
38 96
83 94
33 114
19 66
96 94
24 8
21 22
34 38
32 2
64 1
53 113
101 116
89 26
121 92
20 37
98 70
19 16
111 122
70 110
94 5
114 34
108 26
45 102
69 28
109 5
106 8
112 90
97 48
18 82
51 92
87 75
48 39
96 30
70 10
34 84
61 37
53 10
85 4
76 21
122 108
46 36
68 19
119 42
49 119
86 69
2 100
102 117
27 104
79 114
105 64
15 56
3 62
19 45
56 3
22 7
123 95
121 67
10 5
91 61
77 112
58 31
39 87
123 17
101 114
103 113
18 40
83 63
105 66
74 78
103 6
63 33
54 68
102 36
19 98
3 32
34 23
69 100
85 115
85 62
119 30
9 83
114 59
61 78
59 16
13 7
17 13
122 69
4 68
14 26
26 77
74 60
63 104
90 67
76 40
55 52
108 22
110 109
37 88
63 66
65 3
69 91
117 51
45 37
67 84
111 100
65 36
7 101
82 59
5 83
63 24
12 100
4 43
8 36
77 85
10 91
91 76
66 41
88 42
35 70
91 67
88 80
4 39
65 90
27 120
8 26
66 55
65 10
113 75
10 118
47 49
72 4
11 38
23 20
50 95
87 109
27 92
118 86
27 79
41 11
96 62
108 19
109 111
103 3
19 90
106 63
105 46
32 41
51 30
9 37
99 12
3 41
26 50
82 7
118 70
122 57
119 20
18 103
19 18
13 20
119 48
20 39
94 105
117 88
116 85
19 107
52 35
94 20
62 116
75 63
35 121
31 97
51 87
122 7
80 19
77 97
18 83
80 53
42 17
43 78
53 49
36 116
116 104
93 122
17 38
15 73
25 85
111 66
25 44
6 34
76 67
3 108
52 120
9 72
40 63
15 50
72 63
60 35
79 104
60 50
110 4
32 36
90 17
78 108
35 11
100 65
95 55
8 13
97 20
102 69
28 8
74 4
116 57
31 100
74 80
10 25
13 37
103 47
114 78
121 77
30 89
25 11
14 9
86 82
113 86
41 110
48 42
87 34
25 115
12 68
41 116
35 18
35 71
57 45
62 61
86 28
31 71
60 32
54 9
24 52
3 29
39 17
119 82
19 89
40 113
81 90
24 11
70 44
110 108
73 103
5 76
50 65
90 84
73 36
5 87
18 90
26 52
76 65
35 82
90 11
101 74
56 9
50 22
60 82
66 75
34 101
104 35
37 83
93 90
61 108
81 65
106 39
77 37
20 21
106 12
11 28
67 99
21 54
105 92
29 42
114 83
9 47
90 62
74 88
53 9
56 121
121 79
14 54
50 16
40 58
12 102
100 10
57 74
106 119
97 62
105 97
12 56
54 42
8 99
115 105
39 2
83 28
74 62
44 10
104 61
56 37
58 28
66 69
102 16
95 24
25 1
41 36
16 103
88 3
74 89
3 47
81 85
68 3
123 20
48 7
97 16
122 30
49 65
11 60
102 56
85 70
24 115
88 75
79 45
58 4
24 85
31 14
45 42
62 6
54 49
2 111
70 92
57 86
48 53
123 79
76 70
13 71
64 30
46 59
25 98
10 84
5 68
114 88
58 104
30 79
70 31
3 60
122 8
120 83
106 104
17 33
71 61
59 60
79 83
12 8
118 77
41 47
41 26
82 90
7 100
34 115
101 72
80 100
123 116
34 32
28 43
104 73
87 30
83 30
43 121
44 49
108 38
91 94
34 67
82 118
58 62
99 111
42 16
26 103
31 48
75 30
112 42
99 49
38 18
89 59
118 72
74 1
25 93
73 106
102 84
94 52
109 80
47 26
31 47
97 68
23 11
9 3
11 48
122 62
4 82
82 103
16 34
27 115
58 48
9 42
29 84
20 30
86 50
65 66
97 107
4 24
13 119
62 82
120 33
85 79
29 8
60 73
56 60
18 102
110 58
83 78
52 74
108 46
110 116
85 112
41 52
33 106
41 74
55 31
80 57
49 64
122 18
11 19
27 6
8 44
52 43
55 36
97 90
58 1
10 88
63 77
117 57
116 108
109 118
35 69
68 16
50 1
64 117
5 66
74 6
73 77
11 55
122 29
3 91
68 90
47 50
93 56
39 104
11 4
61 43
8 64
4 47
40 116
88 20
47 39
110 93
18 37
63 79
52 28
29 52
22 25
100 11
19 97
116 58
107 2
4 13
64 38
13 87
102 62
64 41
8 72
119 50
62 123
24 33
54 4
113 76
42 91
23 98
100 68
59 103
83 55
99 79
20 122
83 26
66 33
36 67
95 120
20 111
61 57
33 23
14 116
7 70
105 47
67 51
32 38
13 51
46 29
4 65
97 60
3 67
36 2
29 56
10 32
46 89
62 31
14 25
29 119
26 97
96 70
65 7
88 5
113 24
54 16
28 31
107 69
88 81
104 102
55 18
36 20
88 11
8 48
31 24
93 63
101 81
46 58
1 13
33 34
38 33
20 63
18 44
44 101
10 120
14 92
56 78
40 53
110 106
3 90
73 1
95 35
29 101
46 45
104 95
99 101
14 44
23 17
90 123
6 37
41 44
95 109
65 32
7 1
49 31
115 98
108 112
81 71
35 42
120 88
59 62
85 52
94 57
29 41
92 54
32 45
49 56
100 62
63 38
22 58
115 102
106 117
38 123
112 29
42 117
30 4
36 108
118 61
115 92
105 35
100 29
115 79
10 76
114 116
68 107
123 3
29 39
74 2
24 122
9 107
20 15
25 76
91 62
54 109
120 86
80 59
116 65
71 24
2 55
112 68
107 99
48 25
68 61
36 68
60 43
93 13
72 35
9 8
109 35
69 47
54 111
67 8
90 73
12 105
7 93
46 31
52 113
72 70
70 107
93 98
95 63
83 77
42 61
88 72
77 106
72 26
51 80
6 107
21 77
101 69
87 7
35 37
82 93
76 54
92 29
93 1
119 11
11 89
67 94
57 59
64 122
22 92
116 56
101 105
114 2
119 100
51 44
34 66
113 77
33 5
23 54
17 3
110 96
16 122
13 79
39 66
96 73
44 96
90 94
66 43
6 35
116 21
25 21
100 43
60 122
87 84
112 59
36 11
31 60
73 109
33 45
115 23
70 83
52 37
46 73
63 59
120 80
64 85
36 9
106 71
107 116
105 70
46 96
5 20
42 82
38 98
90 37
8 77
37 79
12 66
25 112
36 5
93 123
46 98
50 61
5 62
65 8
81 34
4 122
70 36
64 57
62 71
16 66
102 28
30 52
119 34
103 84
64 44
44 9
8 62
19 12
122 15
13 6
78 117
73 101
47 119
86 32
20 80
98 48
1 67
95 13
64 68
28 101
66 13
79 38
20 81
111 44
14 117
65 2
86 23
115 21
51 73
49 115
80 111
36 97
75 45
23 62
32 8
26 34
119 110
118 52
82 115
14 38
52 68
120 20
116 99
120 9
78 86
118 89
86 92
54 22
69 80
69 29
120 103
93 29
34 12
4 96
28 59
72 315 7
34 30
34 3
43 13
32 11
57 24
17 41
19 9
62 11
37 17
15 4
45 44
55 54
19 41
9 18
59 40
72 19
72 73
48 21
11 42
36 67
59 2
13 26
14 62
16 26
57 5
66 32
42 24
31 49
15 34
1 67
7 61
32 61
22 14
46 40
62 47
67 9
15 43
55 63
12 22
58 52
48 31
19 69
39 15
61 31
62 38
72 29
19 62
28 62
70 20
1 68
55 65
23 26
7 44
55 26
40 6
3 48
35 17
36 34
61 70
27 46
3 51
11 8
22 20
15 38
6 62
69 14
49 71
50 61
53 69
56 5
47 34
47 66
16 55
40 30
29 71
18 35
63 20
62 37
57 44
53 70
45 42
36 73
13 30
66 43
23 48
26 21
63 3
66 50
51 35
8 48
35 72
18 54
9 27
46 3
66 57
13 34
62 7
40 53
29 62
34 64
14 65
12 53
62 2
4 18
73 70
19 58
56 29
21 3
25 52
18 41
67 72
10 72
37 34
42 63
61 43
63 71
1 9
24 53
37 50
16 11
48 52
15 37
39 67
17 57
48 55
51 2
44 26
56 63
34 62
62 15
17 23
41 21
56 13
56 47
37 67
25 40
66 59
7 18
1 29
54 70
4 9
29 41
51 48
46 39
59 20
14 29
59 1
15 45
6 67
69 34
68 9
60 49
60 33
42 68
60 56
41 39
3 58
72 48
54 8
17 24
31 70
49 7
21 5
43 49
25 71
49 10
48 11
5 4
35 50
22 60
47 35
15 48
39 38
28 47
64 51
14 12
41 31
72 46
65 42
52 18
25 13
50 70
10 18
13 21
48 37
7 48
70 1
33 39
30 16
46 62
52 49
38 14
57 39
5 71
32 4
9 6
64 52
71 51
35 31
14 8
14 15
43 45
55 35
9 71
46 15
54 34
73 61
1 5
9 54
45 10
28 23
44 20
11 3
63 26
15 50
29 37
64 4
12 72
54 38
60 25
37 66
55 58
25 56
23 57
9 60
17 27
18 27
39 13
27 42
49 70
21 34
25 50
20 25
67 30
62 60
11 1
7 24
24 5
58 48
15 47
16 46
27 34
63 21
23 4
13 3
28 7
24 28
52 46
56 31
29 34
43 64
14 31
35 8
52 16
32 71
38 1
47 43
36 10
72 15
32 25
44 67
58 67
8 41
39 51
73 18
15 16
47 54
38 67
38 40
61 16
18 60
29 38
67 68
47 59
63 23
42 39
70 9
15 13
65 11
31 58
13 46
23 35
20 48
31 13
12 10
19 22
62 48
3 35
59 36
45 48
39 54
12 43
34 57
69 38
58 34
19 30
16 23
53 6
6 70
4 27
39 58
5 47
63 13
43 23
73 13
4 22
43 19
58 22
64 44
11 25
41 56
16 25
70 25
1 7
33 32
166 461 8
67 147
122 129
19 29
32 107
96 30
124 135
63 93
104 136
44 2
157 11
118 46
152 35
23 122
154 125
99 75
24 96
55 133
99 135
161 113
82 32
165 136
85 151
12 9
78 66
59 73
138 39
89 102
152 113
152 42
90 30
8 45
154 22
24 32
10 31
133 125
141 22
132 35
125 108
41 101
120 34
131 130
14 108
84 166
114 73
122 92
78 117
37 154
36 167
3 138
112 117
106 18
21 154
35 91
71 91
141 36
86 88
51 41
63 29
122 35
140 37
123 58
56 27
158 75
39 8
111 153
36 142
101 43
16 11
12 37
28 67
15 54
79 80
110 45
136 159
91 138
91 111
137 26
59 123
35 2
147 103
138 127
116 11
53 4
150 4
91 49
71 24
146 43
166 164
125 98
18 46
167 98
16 153
83 96
33 116
108 56
31 2
135 112
64 11
140 39
130 50
140 118
110 132
61 22
162 23
79 158
70 117
39 26
82 65
62 111
57 167
126 20
126 94
50 43
151 80
26 135
152 165
82 138
96 81
4 39
11 146
19 125
24 88
38 159
15 145
92 20
86 92
112 94
124 27
35 41
152 112
137 2
71 152
22 39
104 129
143 155
154 83
47 86
82 66
96 128
38 88
146 125
87 140
96 166
36 146
34 33
100 84
27 43
129 73
48 137
58 25
69 108
59 22
154 100
29 167
57 87
3 116
33 8
70 155
41 95
89 166
147 80
113 18
83 106
7 91
137 76
19 148
1 92
100 101
19 91
157 83
59 86
153 50
118 81
117 37
28 138
153 116
69 24
133 81
125 16
87 112
67 118
153 44
162 165
115 101
130 45
86 80
68 152
80 143
28 112
160 100
21 57
147 8
162 93
125 124
93 39
141 12
72 138
130 140
91 32
67 15
32 49
52 123
2 121
73 118
115 28
1 82
109 31
45 73
1 165
37 111
124 79
102 54
103 94
99 35
58 13
58 99
36 135
103 41
127 118
32 164
96 110
154 157
90 38
72 149
39 106
21 137
34 70
88 113
55 95
14 112
32 12
114 83
66 99
59 12
18 28
46 34
12 151
76 27
161 95
7 53
153 53
147 2
16 17
40 20
20 62
29 84
140 122
145 43
70 154
110 139
20 68
2 63
116 163
153 122
153 24
95 11
42 87
76 41
162 120
104 34
20 57
55 153
145 26
40 24
129 153
151 141
138 54
44 12
149 1
94 143
166 123
154 3
25 132
162 2
70 162
147 158
134 112
79 103
23 74
95 71
89 127
118 24
75 127
67 166
123 127
18 98
150 124
91 147
7 82
12 94
7 76
89 63
62 112
109 134
110 19
9 122
115 102
37 120
124 11
145 39
149 133
156 64
96 158
99 76
127 16
10 79
57 158
44 4
28 85
98 26
112 80
35 32
143 47
18 85
114 52
117 22
111 48
22 133
17 55
149 83
19 44
138 163
32 4
83 84
84 130
47 18
58 141
116 104
100 104
44 113
146 91
148 156
127 71
161 73
102 118
98 142
111 75
121 131
142 11
164 147
36 136
40 35
122 82
36 155
46 127
70 12
5 33
74 87
147 163
37 28
162 16
51 80
113 61
66 11
78 45
2 143
161 51
138 57
120 132
123 84
1 53
124 94
21 140
166 69
67 126
73 158
43 35
59 91
139 124
19 116
165 108
11 166
107 119
123 73
150 18
95 114
136 52
65 11
128 40
142 60
53 63
7 111
7 15
140 65
129 157
90 73
160 62
54 88
157 103
126 58
79 142
6 61
154 42
110 3
134 18
44 138
156 71
24 133
145 23
84 33
8 48
161 111
103 130
104 41
111 116
57 48
9 70
126 161
1 51
83 121
144 118
116 5
109 40
162 127
4 143
104 134
134 94
4 64
76 47
155 12
15 110
110 127
104 125
63 40
111 123
132 80
23 100
113 62
91 20
15 153
158 62
74 57
70 151
162 151
87 100
162 75
16 117
93 22
37 10
30 23
105 145
57 127
37 57
139 97
43 16
129 88
46 72
107 2
126 122
126 32
112 86
38 62
28 123
165 62
156 41
46 12
129 11
44 50
84 74
147 18
162 73
2 0 1
10 1 3
5 10
588 872 1
84 398
317 253
64 115
114 337
150 260
279 424
286 563
579 525
352 427
436 28
337 304
485 392
194 403
139 574
366 558
103 188
520 514
584 286
228 39
14 379
351 4
462 300
548 517
76 371
3 573
223 434
190 346
287 128
222 28
400 249
172 402
186 279
63 320
47 282
527 133
466 100
254 179
36 45
376 2
121 28
529 369
44 75
136 390
366 392
269 330
249 30
204 178
235 25
235 280
575 253
64 523
171 498
566 218
121 154
65 442
514 139
4 299
434 27
271 472
232 458
275 438
10 128
147 163
322 314
468 188
356 300
464 410
246 556
278 403
24 556
560 318
148 577
182 274
115 320
184 365
541 230
579 64
150 436
224 320
179 395
504 553
458 401
416 116
352 35
69 190
376 286
131 368
335 14
32 113
31 442
327 75
301 139
589 476
536 392
260 420
348 35
366 512
137 186
128 370
91 534
144 363
31 46
198 58
213 314
2 341
44 113
182 448
22 489
442 92
314 571
291 554
277 357
227 295
76 496
21 62
166 378
328 31
367 318
65 396
507 484
69 345
290 148
295 3
179 172
94 328
582 203
499 452
358 453
180 311
512 410
178 74
454 577
490 402
61 253
304 203
307 134
290 100
86 461
498 156
107 388
285 576
8 282
79 437
52 549
519 218
214 246
179 272
117 323
45 15
285 182
399 71
410 478
387 342
11 438
120 34
134 94
284 501
289 535
512 353
406 391
338 164
393 10
440 534
436 319
531 467
158 340
451 388
564 386
6 100
571 432
448 261
194 183
579 101
535 98
578 540
521 486
265 40
262 86
446 526
56 255
147 95
335 378
62 153
322 443
215 327
186 138
471 480
400 547
532 311
485 51
278 489
259 382
296 545
574 515
484 150
392 454
534 7
259 141
46 562
355 197
109 166
579 90
162 393
354 459
578 221
527 362
25 8
536 19
523 127
54 124
532 508
548 270
459 337
173 114
384 422
66 232
108 114
236 177
269 28
378 65
528 271
68 169
459 158
586 308
469 522
189 9
70 294
464 525
486 556
419 58
280 204
141 352
210 497
365 38
431 468
453 319
3 110
100 171
239 372
93 388
376 542
26 63
507 564
491 115
129 248
124 347
475 289
422 340
367 282
495 266
117 263
98 191
515 351
45 302
253 307
471 248
107 554
354 15
550 69
361 539
292 395
471 114
141 355
46 506
388 352
396 447
339 280
107 366
453 205
432 476
370 100
86 532
569 554
277 374
155 483
385 365
361 445
245 261
48 379
440 488
424 225
364 72
36 366
90 506
447 452
146 293
343 499
426 256
537 101
206 441
554 186
124 50
518 506
583 327
346 170
204 522
242 13
9 413
46 306
362 98
546 35
377 193
191 310
524 561
339 234
128 514
426 53
434 511
574 65
59 418
179 477
568 25
46 291
127 423
336 423
110 500
400 2
322 303
488 475
209 100
254 339
107 352
85 507
345 371
138 141
253 49
306 265
258 111
128 424
540 150
284 551
488 322
398 16
72 366
270 562
386 424
214 69
105 525
107 62
355 70
588 44
523 559
448 296
340 383
235 184
430 274
222 496
301 360
251 503
346 209
213 135
577 317
549 265
451 369
32 88
112 526
321 120
209 501
530 437
249 121
404 252
250 439
7 517
216 228
318 2
175 486
67 358
125 249
317 502
540 252
101 30
206 133
454 181
195 117
577 184
103 137
227 466
178 277
45 50
316 376
434 187
310 7
287 554
413 254
230 389
525 148
236 496
267 3
286 290
297 4
514 82
356 586
106 207
501 204
580 228
369 104
10 41
496 348
485 408
100 177
108 161
299 327
43 354
362 39
89 485
127 522
166 72
227 260
396 130
500 30
208 499
521 196
19 502
372 126
327 431
205 326
309 245
237 295
52 440
186 296
199 37
431 462
221 119
236 394
62 60
155 289
369 241
451 505
45 563
178 230
342 318
100 294
391 294
356 282
258 280
303 267
469 231
81 521
302 392
100 546
280 73
420 165
205 149
428 166
486 429
50 573
585 63
121 193
513 218
134 504
557 505
100 282
17 191
104 570
309 339
28 521
561 279
536 313
581 416
138 171
137 124
452 25
209 175
452 107
250 115
242 563
372 122
422 385
479 36
242 89
38 137
237 152
114 178
187 248
67 199
561 364
160 80
466 11
463 288
2 52
304 59
67 420
361 577
191 278
339 512
409 464
151 481
196 10
234 479
505 157
231 133
329 90
485 331
246 541
456 175
414 507
426 220
559 171
493 516
474 282
445 570
99 115
460 385
401 264
458 162
218 481
32 564
274 116
522 360
334 586
431 285
446 213
372 154
209 327
480 435
475 278
475 436
251 389
406 180
446 211
546 165
366 187
93 586
269 338
373 486
576 119
318 31
255 354
437 414
248 140
91 11
48 332
273 468
51 200
564 285
519 197
583 67
175 426
132 27
91 426
417 401
214 103
87 118
440 551
36 37
241 331
556 171
444 277
313 565
267 232
512 63
227 129
70 2
501 359
192 110
567 585
55 369
373 321
95 39
8 436
175 283
219 21
206 17
425 131
399 20
54 315
328 568
177 245
413 474
503 76
114 327
43 233
571 561
237 540
209 361
453 195
93 98
74 182
128 315
179 232
558 70
519 364
13 77
132 89
70 469
579 431
263 250
324 51
234 290
297 250
468 312
209 412
478 341
237 28
502 240
175 191
241 261
250 44
320 484
65 403
432 52
41 545
211 349
125 9
339 552
526 487
17 101
230 243
217 571
2 225
236 350
249 80
221 316
533 419
6 569
496 509
385 184
103 208
198 94
544 533
509 379
28 519
486 63
427 429
294 197
154 582
79 396
309 266
472 153
327 162
422 247
134 320
474 141
95 40
566 174
94 393
374 446
31 429
88 56
578 214
388 408
233 374
94 300
306 392
343 150
5 188
78 15
45 121
20 77
507 265
232 475
131 39
552 370
530 322
358 83
485 552
486 90
119 288
182 59
564 378
355 574
227 419
70 534
351 160
456 199
540 486
12 454
147 269
3 297
259 581
378 408
588 452
369 396
489 310
108 181
518 101
495 20
448 449
259 414
110 40
297 134
194 313
408 198
122 542
81 237
313 499
285 132
51 393
261 230
297 244
90 451
11 257
177 511
118 321
24 442
106 405
291 476
105 251
183 540
289 59
515 420
48 127
94 236
372 378
95 265
37 276
318 394
357 261
191 541
328 306
329 242
572 186
363 54
355 168
588 501
3 5
312 18
88 483
168 321
28 311
382 433
394 541
434 76
555 21
177 275
430 32
193 136
267 260
368 489
304 526
238 17
204 343
341 453
161 39
106 153
476 138
588 63
484 481
332 460
349 410
298 156
60 559
507 536
584 402
240 528
581 506
47 521
373 53
76 448
379 413
309 396
303 171
333 189
572 324
199 215
583 482
353 563
447 238
385 498
87 59
554 112
428 413
207 493
54 109
379 146
287 263
112 303
212 435
472 93
315 552
386 138
315 289
351 491
124 312
487 31
584 515
432 118
199 102
550 92
244 62
340 259
371 170
573 353
551 374
189 230
409 436
39 475
106 357
114 266
208 528
581 123
123 437
436 453
150 449
345 323
65 252
346 282
226 512
406 163
201 380
444 500
416 561
441 512
384 294
483 455
530 447
379 486
416 178
254 124
249 343
218 506
441 139
341 61
201 2
286 516
81 491
365 50
345 227
560 588
55 191
559 250
437 582
542 466
417 286
487 560
363 381
345 17
36 472
408 263
438 33
201 12
343 405
157 373
289 267
477 152
254 487
182 29
390 266
46 406
515 117
482 24
36 210
332 253
554 208
578 520
528 109
250 500
197 352
258 143
107 361
297 232
160 58
258 181
564 103
401 556
392 573
541 135
505 130
408 421
200 340
59 584
421 384
131 146
226 299
182 506
491 250
54 196
322 304
496 563
252 172
200 98
353 96
4 1 5
2 1
96 858 2
40 61
5 59
93 21
24 13
87 39
76 20
97 78
51 41
80 17
52 75
39 86
13 12
67 52
48 8
68 84
69 34
41 62
74 1
38 48
15 46
60 76
84 9
64 52
13 58
3 4
21 45
28 97
74 53
84 4
15 43
18 95
24 10
82 66
61 47
8 97
36 23
66 44
65 77
76 91
27 93
64 33
38 41
48 95
45 57
60 81
1 42
85 38
94 49
5 52
78 30
31 29
57 65
75 83
10 97
42 96
25 29
43 6
12 78
35 47
36 81
76 89
39 66
36 24
41 74
73 36
88 51
28 13
30 56
64 50
71 56
76 81
84 37
14 62
26 69
85 58
76 71
86 57
96 87
11 60
49 88
5 95
69 6
47 40
10 37
26 17
78 13
56 60
58 81
1 72
80 42
71 77
7 44
59 41
8 15
50 85
13 50
83 58
77 48
7 77
30 10
22 70
71 40
32 38
50 18
48 26
1 82
55 81
85 53
91 70
93 11
61 83
87 21
22 11
23 41
90 80
30 54
78 65
52 24
71 88
78 89
37 4
78 69
40 49
46 78
46 5
12 35
35 23
20 75
78 64
57 90
67 51
41 5
93 71
81 41
61 28
85 29
8 3
25 92
28 65
22 1
70 38
18 41
79 22
12 59
38 37
22 21
30 93
21 84
43 73
41 94
61 81
10 84
10 36
43 86
64 89
55 2
44 94
79 54
23 65
92 10
2 54
1 70
45 54
70 59
59 66
61 95
46 35
39 57
41 29
66 2
26 21
19 50
44 16
74 84
56 19
88 22
55 5
34 86
49 62
8 22
25 81
19 84
41 84
42 87
16 42
20 43
60 55
97 11
4 20
63 23
83 39
9 22
14 69
84 40
40 11
19 2
70 3
81 59
19 97
60 84
45 34
23 21
72 97
47 91
86 33
1 79
55 84
64 18
60 6
15 49
96 91
42 58
62 60
82 14
22 60
51 43
5 93
74 7
80 7
36 61
52 89
46 13
37 17
49 92
80 37
6 94
59 88
13 14
35 53
88 58
61 32
30 96
95 37
38 62
66 53
69 68
12 92
76 16
8 37
2 74
90 63
55 7
24 96
51 44
42 60
50 10
18 14
9 12
18 26
80 76
33 89
86 62
66 28
51 47
2 22
9 49
11 17
54 1
36 13
95 68
56 34
84 66
92 15
87 83
52 49
36 28
6 16
42 79
66 81
74 43
19 45
22 10
88 81
21 24
53 61
40 85
66 95
55 43
17 73
55 52
88 36
71 31
57 58
6 96
26 56
8 42
74 77
42 18
65 47
92 78
24 80
2 31
87 11
67 41
11 20
77 9
53 62
85 75
77 69
87 9
4 75
97 69
2 52
53 12
26 65
16 45
80 34
79 85
42 56
75 38
32 53
91 27
52 90
24 69
8 93
41 40
27 28
23 31
59 86
61 52
77 44
16 91
62 79
11 36
59 96
46 32
51 15
82 78
73 65
44 40
88 19
15 30
63 34
91 1
20 90
53 89
89 43
37 56
56 89
22 47
91 97
72 3
12 22
79 20
85 97
24 95
66 36
21 6
40 36
90 68
89 11
57 46
90 62
17 68
90 40
15 17
26 85
1 7
9 63
18 21
76 21
46 17
3 28
14 22
42 25
63 82
57 89
66 12
13 17
38 12
42 89
47 1
22 64
63 3
8 63
22 48
25 94
70 48
72 56
19 52
79 4
77 51
4 96
33 81
48 71
41 71
7 23
48 97
11 42
55 92
25 24
82 80
30 92
92 28
92 74
51 25
39 41
40 4
61 16
16 11
95 65
89 69
74 82
69 40
33 20
8 39
95 31
6 68
32 23
32 13
6 58
72 6
90 29
57 49
60 17
13 64
44 24
71 72
69 30
8 90
7 61
67 66
39 74
68 65
63 30
97 80
6 61
24 12
23 50
15 9
19 87
97 77
46 70
39 14
17 52
93 19
30 50
39 73
94 95
80 22
77 33
67 53
76 84
18 69
70 20
95 33
73 53
61 25
77 40
64 63
67 42
34 85
64 81
82 36
10 43
25 3
29 49
15 53
41 35
96 77
56 92
24 49
8 27
1 65
21 57
53 55
47 69
51 66
27 37
70 37
53 81
78 34
42 68
72 30
58 95
51 81
52 69
72 37
78 47
7 20
26 31
38 84
54 38
18 20
64 56
3 91
4 19
26 83
47 92
68 48
10 28
5 85
79 8
2 70
38 14
62 69
31 6
17 79
31 69
84 22
82 11
27 36
92 95
36 72
65 62
1 33
45 88
64 70
41 26
43 17
11 35
46 14
39 61
54 20
60 13
69 28
94 26
4 77
37 79
82 21
92 31
49 86
33 14
74 72
61 37
30 90
67 5
78 55
76 19
95 88
47 5
8 13
86 95
20 83
29 95
44 53
11 57
93 42
70 84
42 6
81 20
32 25
43 81
8 19
80 49
89 51
1 8
59 65
4 89
36 64
77 63
59 77
12 80
81 12
23 59
51 87
76 69
21 9
36 6
68 82
69 95
81 42
96 28
13 5
66 16
29 53
54 11
65 93
84 42
46 71
44 62
39 69
46 58
1 97
3 1
90 56
19 47
64 27
31 59
88 89
33 67
54 24
32 92
89 18
40 55
72 76
87 6
25 70
26 80
8 58
20 37
3 21
46 53
52 47
97 14
59 32
68 3
59 82
63 75
3 55
15 94
38 51
11 86
41 24
65 55
61 93
57 38
96 35
54 35
9 46
77 25
66 63
31 18
74 61
35 67
32 72
40 63
29 70
12 36
31 13
30 37
23 75
44 12
90 39
36 26
57 83
12 43
57 53
12 62
9 44
48 35
86 82
27 4
13 6
58 9
29 9
46 11
13 33
78 41
90 48
69 9
97 13
61 58
84 57
63 2
61 65
66 52
18 43
73 60
71 10
88 20
26 37
37 88
6 76
37 45
59 21
48 63
30 45
14 81
2 89
31 67
54 43
13 66
81 68
75 87
6 59
2 59
39 43
59 97
47 31
71 82
82 90
31 49
89 20
44 21
52 16
54 88
81 35
19 26
33 9
37 62
62 70
32 65
64 32
66 32
57 35
63 41
94 76
48 86
61 4
72 47
87 56
24 94
39 84
48 94
81 23
27 49
83 92
4 43
49 22
20 96
37 63
64 62
91 55
22 37
38 35
27 43
18 83
2 20
31 41
2 41
55 87
52 36
54 34
23 17
74 96
97 82
6 20
56 81
26 60
27 48
25 36
78 77
32 55
33 43
12 70
67 90
40 16
52 93
63 46
79 30
83 90
78 68
74 28
37 69
13 27
31 91
20 67
2 30
93 70
43 67
9 78
51 59
66 41
93 31
86 76
48 36
63 80
97 70
5 76
50 6
62 50
35 78
66 71
87 58
91 10
27 70
31 68
1 45
84 34
45 32
84 51
20 77
25 11
34 61
71 86
31 39
69 74
58 34
96 17
90 37
89 75
89 1
46 29
36 79
49 56
58 93
96 23
75 61
59 10
49 82
5 34
18 60
66 42
89 47
25 8
63 59
51 82
46 52
47 62
43 32
10 74
41 47
17 38
75 25
14 16
77 32
28 45
15 60
16 21
78 19
57 3
55 79
19 69
60 48
79 9
22 23
12 14
95 85
54 12
41 58
17 57
47 9
37 11
91 41
97 79
15 97
59 30
93 9
95 79
61 44
37 50
48 30
72 92
8 38
29 59
3 27
30 11
24 58
51 62
81 97
30 40
21 4
72 22
78 93
2 15
44 17
39 25
68 45
85 71
4 70
16 22
63 19
80 84
28 68
33 92
11 3
66 79
80 44
93 76
8 16
10 64
5 50
73 16
24 27
58 79
83 77
91 13
313 691 115
91 217
28 39
312 104
153 82
33 93
75 197
234 185
109 185
44 123
173 143
204 166
145 67
241 125
135 186
140 257
162 278
225 95
307 31
77 303
42 291
38 123
141 23
294 265
261 100
38 278
94 251
314 71
141 35
81 136
259 265
1 128
60 6
304 160
24 298
21 191
46 273
1 98
248 181
76 282
313 174
290 299
287 164
88 84
11 201
218 118
102 266
32 42
15 112
80 311
49 293
135 162
158 198
268 214
151 69
68 33
228 279
113 170
178 175
24 82
233 35
301 297
47 58
253 303
83 1
308 101
248 5
169 119
287 178
106 122
209 116
226 217
68 207
228 292
89 171
88 310
131 89
22 62
206 133
39 186
134 186
306 132
149 249
305 104
23 177
167 70
313 50
287 167
248 28
24 186
212 35
140 294
208 53
275 116
45 154
119 160
69 93
78 119
176 290
170 276
243 214
313 185
105 207
288 118
135 91
102 82
266 276
225 104
36 184
203 102
240 6
152 292
95 231
277 290
107 224
139 11
65 269
131 252
39 199
271 308
279 34
157 313
174 260
284 173
49 54
266 170
75 175
23 71
249 244
159 123
190 254
234 56
78 43
103 47
231 178
38 282
185 314
126 219
217 200
129 16
159 141
314 13
252 139
101 154
43 234
52 97
223 178
281 244
163 255
209 145
303 66
226 129
111 276
212 187
229 308
4 209
309 35
57 148
103 89
241 172
168 43
121 169
76 196
292 253
102 307
270 262
307 123
113 96
126 168
231 259
113 54
24 227
30 98
164 28
36 236
80 5
68 105
260 265
312 12
284 280
116 175
56 197
114 290
213 10
219 184
151 244
151 296
291 295
28 252
112 20
149 142
273 298
258 280
197 78
106 158
239 55
32 221
94 54
113 305
85 170
56 255
91 237
182 208
169 254
286 25
45 146
269 238
224 154
3 56
219 214
44 110
163 53
4 125
236 108
221 217
123 253
280 52
101 211
197 106
63 291
187 237
307 91
102 173
270 267
29 46
218 178
216 229
168 199
22 56
292 110
76 77
207 197
267 65
21 170
12 159
76 163
60 284
285 4
162 119
115 251
109 155
30 290
60 99
297 166
236 1
13 261
61 218
185 50
51 22
209 252
59 313
293 139
97 247
35 152
104 272
34 223
171 124
97 139
99 46
73 5
91 265
108 278
14 63
76 222
292 252
164 13
61 50
39 277
174 229
19 29
262 104
86 240
141 217
188 293
135 218
207 142
199 230
239 39
112 76
219 149
160 244
278 146
35 271
50 124
203 59
40 6
228 218
243 77
205 203
85 110
105 249
272 74
14 57
261 26
101 279
129 150
135 158
218 176
130 67
123 291
280 118
209 228
18 168
98 150
83 204
145 183
34 276
201 272
256 61
202 250
64 274
197 222
11 100
226 303
266 191
307 236
133 227
291 80
185 231
11 58
293 90
202 27
278 105
45 257
173 283
285 73
283 73
12 170
286 107
221 280
275 40
47 192
56 19
225 44
21 43
145 240
126 62
151 56
29 287
216 8
189 60
96 69
97 299
17 148
234 143
94 128
298 157
72 88
199 19
53 248
75 274
82 228
115 183
304 13
66 194
97 123
64 53
222 253
230 305
279 210
36 234
243 273
70 105
305 270
45 166
302 190
266 235
58 83
200 219
202 244
22 232
153 90
241 107
190 18
189 150
311 238
221 205
246 157
195 181
176 254
12 18
14 50
109 189
170 312
98 114
47 278
133 38
272 219
33 232
91 11
61 236
116 182
200 93
102 311
216 1
213 198
87 51
122 27
183 106
123 216
286 12
38 84
192 226
272 194
5 262
67 187
24 37
307 173
181 25
295 100
196 298
306 37
207 116
137 178
140 187
220 5
88 90
4 163
47 73
164 23
177 31
197 24
289 238
117 43
68 79
297 102
64 310
107 188
274 208
240 20
303 4
123 87
215 196
209 75
55 68
265 36
139 54
87 74
19 247
54 77
242 264
10 126
166 143
254 231
14 88
202 230
138 11
95 160
236 192
57 259
214 212
202 125
221 169
177 92
84 128
141 162
66 30
270 259
61 270
26 119
29 263
163 236
288 278
64 237
137 125
283 216
297 184
89 45
68 106
165 309
19 51
210 21
126 69
61 31
128 235
235 294
169 17
79 131
7 133
169 247
253 298
4 249
32 88
158 294
75 296
197 300
52 296
167 123
169 297
67 312
72 186
109 280
8 57
79 136
299 69
15 165
189 129
238 225
43 250
310 161
134 37
141 57
282 200
148 131
288 169
293 172
93 291
112 255
274 199
313 306
129 58
226 83
191 253
181 95
106 52
6 197
37 71
243 57
18 261
48 162
164 133
270 238
257 312
179 18
45 3
47 286
210 73
194 233
225 194
213 92
152 242
80 57
127 140
29 120
10 36
175 44
25 269
196 148
49 301
250 23
299 21
48 93
180 197
107 39
158 180
126 241
181 310
17 40
250 60
41 22
99 56
115 79
287 68
186 129
25 11
140 235
180 52
60 194
155 7
69 157
289 88
262 171
200 1
96 249
217 284
143 105
5 191
59 87
215 22
108 290
40 84
252 49
145 31
27 54
110 42
185 147
59 134
14 273
62 267
113 65
113 31
237 263
172 152
34 16
298 3
132 225
298 33
213 203
110 203
134 276
3 2
88 202
68 213
247 93
54 164
182 186
198 65
36 96
3 159
265 311
147 23
71 125
105 98
60 84
287 153
77 260
177 55
36 217
178 146
164 118
29 266
79 152
60 132
269 2
76 58
111 73
90 284
271 225
154 265
154 104
42 157
91 89
251 286
6 278
58 290
169 176
49 236
220 37
59 256
297 191
264 24
274 157
187 62
248 114
176 14
139 52
288 201
106 196
74 194
278 250
26 281
266 14
157 102
137 33
52 112
42 67
162 199
110 54
108 267
78 45
108 186
54 7
85 285
151 10
155 274
92 194
242 42
60 147
185 152
235 101
298 226
152 225
28 83
248 281
104 61
20 277
125 219
154 13
42 295
35 128
74 40
121 252
220 144
287 284
314 208
16 283
274 292
117 10
20 38
14 291
294 171
227 174
76 9
128 310
296 47
182 31
164 208
112 221
55 15
93 162
107 262
188 74
64 54 1
32 20
4 62
38 57
31 32
55 5
14 9
35 9
7 50
15 5
29 37
14 43
36 34
47 6
44 1
11 16
9 24
6 45
27 1
49 55
28 43
57 43
46 26
64 56
8 17
6 12
48 62
47 36
31 35
49 43
23 35
65 8
30 10
15 65
65 28
58 38
18 20
31 43
60 47
32 48
12 19
22 50
48 33
7 46
44 65
30 52
34 38
32 30
42 5
48 42
29 55
40 24
33 39
16 24
57 35
133 381 5
54 31
63 13
60 20
26 29
93 46
5 90
87 37
97 32
46 75
126 20
80 45
128 103
11 80
97 61
44 119
105 123
112 86
8 89
124 131
90 31
77 23
28 47
41 73
74 111
53 30
68 16
54 46
7 22
107 33
75 108
130 115
109 26
66 60
23 76
49 72
2 99
116 48
41 35
88 108
44 54
41 38
89 68
50 35
58 85
36 126
102 103
23 61
98 111
63 19
4 92
118 34
133 7
101 51
68 130
36 71
131 9
71 118
23 92
22 115
131 70
125 14
49 21
104 39
130 102
21 125
125 31
80 85
17 20
46 9
1 60
39 115
53 70
63 121
40 61
71 122
119 61
4 56
100 24
114 67
21 9
123 68
89 76
122 46
99 104
16 67
82 18
132 126
8 29
61 95
110 63
118 78
107 60
56 132
60 43
99 3
130 104
7 45
41 66
124 105
63 87
134 58
53 83
47 107
17 46
75 64
106 22
38 133
43 4
53 27
130 90
130 69
51 32
52 120
62 44
30 112
59 88
79 25
47 82
134 106
52 22
128 49
57 39
78 57
27 115
81 131
105 22
116 39
128 116
53 118
1 31
70 23
95 83
101 74
116 34
83 102
79 72
21 13
105 83
53 20
55 71
78 33
120 128
80 78
37 118
119 132
55 78
83 80
42 33
81 125
105 52
7 23
122 7
46 14
5 71
63 28
6 102
117 84
65 77
63 20
75 113
104 110
112 45
131 101
37 114
50 21
33 72
85 15
111 8
48 76
91 105
7 100
116 27
60 5
19 57
77 111
116 56
3 98
89 7
82 32
38 70
49 11
13 67
101 108
21 56
50 1
46 123
21 11
60 30
27 89
21 62
64 96
83 94
50 103
81 19
45 94
82 60
64 10
119 109
101 85
34 87
24 88
127 101
53 2
130 18
46 94
68 1
76 106
98 127
88 105
36 50
70 25
97 72
123 87
64 53
20 2
28 117
3 107
134 126
51 96
36 1
87 9
9 37
47 38
66 15
112 134
29 98
9 80
90 32
134 38
27 24
30 27
90 86
83 44
124 132
10 4
80 75
76 74
94 11
87 98
16 111
124 95
34 41
11 110
81 112
20 65
63 122
47 132
79 62
38 121
7 65
112 82
91 49
77 58
61 29
19 58
55 4
31 39
85 129
77 43
30 98
12 71
125 19
128 8
25 122
85 79
105 31
67 101
134 91
92 129
121 6
2 83
111 49
67 97
112 108
2 24
67 129
24 134
25 24
52 63
35 55
84 121
125 56
29 120
54 129
86 33
85 64
15 74
15 88
118 98
47 122
62 38
58 121
124 75
76 120
30 15
65 129
97 106
102 62
61 117
12 33
17 89
118 81
126 22
63 115
28 85
68 131
40 117
52 18
82 21
74 106
70 114
10 61
57 43
82 75
118 12
39 111
124 62
87 104
56 12
100 114
10 28
101 20
122 15
117 12
120 45
102 121
53 121
107 56
29 66
18 83
38 120
49 60
38 32
82 10
61 114
132 133
134 34
115 19
55 38
14 45
15 41
122 61
72 46
51 111
94 23
125 10
88 14
20 27
44 33
4 25
127 78
122 10
99 111
57 84
126 47
14 27
94 109
72 110
85 39
72 119
124 123
84 8
130 5
36 76
33 108
26 38
40 17
103 101
52 37
78 109
56 81
47 33
109 43
54 128
62 34
53 47
80 7
23 13
103 2
76 12
104 33
46 301 2
3 17
1 17
1 4
44 41
28 47
45 9
12 16
26 29
25 17
20 23
14 15
29 21
22 26
15 33
44 24
12 34
34 23
16 4
35 36
21 16
2 25
27 3
2 37
4 11
10 40
13 14
20 30
47 46
7 46
47 4
26 30
13 31
2 47
25 1
13 47
43 26
10 2
1 45
33 7
34 10
21 30
23 29
15 43
28 32
13 21
34 38
24 33
7 5
7 22
17 14
32 19
35 47
41 32
40 34
25 39
42 21
29 41
20 12
45 8
40 35
38 19
36 6
40 19
19 42
13 16
40 27
27 29
30 15
10 9
5 3
11 28
29 7
47 14
32 20
17 30
9 11
28 13
1 27
12 19
39 11
20 44
29 25
4 37
35 43
13 45
45 35
36 44
6 44
44 9
24 41
29 17
5 47
22 23
3 12
16 45
28 20
35 14
42 40
45 7
1 3
11 31
30 34
44 16
36 23
10 27
26 45
41 34
25 42
6 32
16 35
42 27
46 29
23 8
41 8
2 32
1 38
43 28
31 38
45 19
2 23
9 17
35 10
12 8
29 38
7 3
6 30
27 12
6 24
43 47
38 18
7 25
28 21
1 14
47 38
47 26
3 41
33 45
2 15
13 24
3 10
41 36
4 7
31 25
7 36
27 9
17 15
23 30
35 41
44 21
16 18
46 1
38 11
12 37
31 3
18 7
8 28
46 11
46 20
23 24
38 45
30 27
20 39
29 36
12 17
38 20
13 25
7 42
42 31
8 27
25 6
19 43
34 27
45 43
20 13
30 45
46 22
23 28
13 34
32 10
43 16
45 2
24 26
16 30
7 28
45 15
14 22
32 39
44 26
44 27
31 14
38 30
10 45
17 10
36 26
33 38
10 33
5 31
24 28
28 34
19 29
6 11
32 3
46 4
45 36
37 24
22 43
19 24
25 18
22 27
45 39
10 5
26 38
8 26
28 9
19 27
10 43
20 16
23 27
1 36
13 35
5 34
17 22
8 40
3 2
22 3
19 2
18 34
13 32
44 14
19 37
10 47
24 8
39 24
34 35
23 25
39 44
16 31
44 13
33 16
47 44
42 39
31 33
17 43
22 44
47 11
29 47
2 11
11 5
45 29
4 34
20 36
7 41
24 16
42 10
23 6
11 30
10 1
24 34
22 1
36 3
16 26
15 8
11 15
46 44
20 24
15 47
29 2
23 45
40 16
7 23
26 18
35 1
10 21
15 35
18 32
16 19
35 27
29 22
20 26
22 25
15 19
18 35
2 36
36 24
25 21
4 2
20 33
37 35
2 5
41 47
21 37
41 20
20 17
47 32
41 4
18 45
9 5
31 37
19 18
13 36
3 25
158 80 19
53 138
140 38
45 36
82 79
154 68
153 48
75 52
63 10
38 151
13 96
142 74
12 131
89 83
70 139
155 85
121 84
116 13
141 37
97 20
143 37
44 147
20 87
126 63
89 68
101 117
110 88
132 79
30 44
112 52
54 112
11 37
9 135
145 120
138 99
135 138
111 153
65 48
26 150
121 130
156 78
33 39
122 121
157 70
29 28
35 64
44 58
70 74
44 100
70 58
159 44
7 153
146 130
136 77
119 13
140 19
78 69
147 64
81 57
59 73
132 129
140 13
32 132
113 35
50 130
17 42
148 126
83 62
64 71
68 61
97 136
29 149
21 3
44 51
64 122
51 149
45 51
92 154
96 90
158 70
24 57
7 3 6
3 5
2 3
7 2
6 1 1
3 6
1 0 1
42 32 8
7 10
2 39
6 12
8 27
42 39
38 12
22 1
38 9
25 4
13 42
42 7
27 21
14 28
42 38
27 26
1 6
42 31
35 39
31 9
7 43
38 34
23 19
34 31
36 42
23 9
35 19
29 32
14 35
14 38
24 7
9 8
10 9
140 244 7
105 87
133 40
57 6
139 127
8 2
62 91
125 116
28 96
72 115
73 125
101 108
55 4
51 122
78 59
63 134
113 98
81 52
66 37
84 122
105 100
40 93
87 58
3 84
23 47
45 91
103 87
111 36
109 47
82 66
9 141
122 43
14 49
94 58
15 49
68 67
99 37
22 124
28 64
73 82
77 48
102 4
131 39
137 51
13 62
19 31
12 1
119 136
83 36
63 50
43 14
126 123
36 72
33 24
98 10
60 104
141 95
53 50
96 101
4 5
140 55
42 24
3 40
95 78
43 1
119 10
2 46
80 3
12 93
128 41
27 89
52 42
77 29
75 54
106 75
85 62
106 112
127 9
51 26
82 116
9 13
128 54
33 15
134 11
9 136
15 121
71 113
38 78
73 54
49 26
47 29
119 132
82 6
3 36
90 53
122 28
61 103
86 53
41 92
45 103
29 122
32 50
127 38
28 53
23 108
39 37
138 109
131 12
36 69
10 28
26 24
98 120
30 139
86 19
137 34
21 118
9 6
42 116
82 23
7 30
35 51
56 14
135 133
36 32
38 23
41 16
91 48
9 72
20 29
112 46
2 86
105 2
38 9
48 92
5 13
129 39
119 33
55 19
119 96
30 122
4 51
128 110
24 73
138 120
61 56
8 54
34 77
113 34
55 104
115 30
96 44
71 133
20 18
108 137
130 2
3 63
64 2
53 105
6 112
120 19
62 30
14 66
57 45
118 121
127 79
53 61
6 50
20 75
7 61
117 53
86 117
98 57
137 78
79 16
60 103
100 54
116 27
118 49
55 54
53 64
12 84
77 30
79 21
53 57
100 39
29 69
125 130
130 62
105 134
116 104
28 50
134 16
114 102
96 73
19 118
5 133
23 46
15 7
63 108
19 23
49 86
34 22
22 86
30 126
90 100
137 1
126 62
134 121
35 82
5 48
52 25
73 71
47 86
105 91
70 72
36 41
81 65
2 85
91 10
9 47
140 82
69 117
66 12
2 57
122 133
120 114
114 56
35 119
91 92
119 103
69 122
89 124
75 56
41 106
38 40
59 61
128 136
90 13
136 59
137 134
5 137
5 30
69 14
104 99
54 123
2 0 1
131 113 48
107 7
116 59
109 127
5 128
108 115
58 84
94 53
48 65
3 1
33 61
55 22
23 90
1 90
60 91
10 107
66 126
31 54
1 4
5 24
24 59
6 98
45 27
120 126
132 27
107 100
55 32
12 106
83 117
9 66
89 17
60 63
111 42
122 79
21 123
14 16
12 65
6 42
106 1
118 107
89 18
49 20
12 89
104 64
128 108
111 130
88 58
13 40
47 43
39 33
105 12
70 14
36 78
25 13
40 56
53 117
130 114
39 26
45 48
97 100
85 89
101 90
19 40
50 33
121 84
85 129
12 103
75 83
16 90
95 83
39 51
55 128
112 119
14 18
29 97
32 71
26 18
57 113
40 22
91 2
115 59
122 95
109 74
6 12
117 8
125 127
86 64
131 73
93 98
31 64
4 53
85 72
38 45
8 10
44 128
114 29
11 14
129 41
16 111
48 5
72 8
47 97
105 126
35 96
56 38
1 86
73 12
65 89
57 87
14 114
54 92
117 30
4 22
5 62
1 0 2
5 1 1
4 2
25 27 4
2 15
5 15
18 6
25 24
14 9
9 12
18 7
14 12
23 11
26 7
9 20
21 1
1 20
16 23
18 10
9 11
6 12
14 21
19 21
12 25
3 18
21 24
7 15
19 7
1 19
7 9
3 19
94 52 6
63 78
60 62
75 52
2 27
72 29
55 66
40 37
39 94
67 65
78 33
30 5
39 72
1 61
9 45
79 60
94 26
21 43
34 74
22 82
40 13
36 12
73 95
54 4
63 89
81 23
74 83
67 1
95 24
90 41
2 33
10 23
49 22
11 27
21 32
44 60
10 12
76 26
43 25
30 12
7 84
18 7
6 81
34 5
77 95
13 35
60 75
5 35
4 46
9 35
55 3
72 95
69 91
141 204 10
22 96
66 106
19 76
80 24
72 79
93 24
72 76
31 136
48 60
22 49
77 41
28 24
140 15
12 71
43 133
77 133
84 5
112 19
29 140
43 32
141 18
44 53
14 106
72 121
70 24
75 109
63 107
107 139
1 100
120 118
85 23
102 116
125 46
108 37
70 129
78 110
67 95
57 34
72 31
15 50
18 111
127 68
20 140
51 6
30 34
85 110
119 69
139 84
4 59
78 5
39 94
132 13
38 80
97 24
105 3
48 140
52 115
76 121
106 62
95 112
62 89
115 16
19 127
76 10
39 110
111 41
99 66
129 44
102 105
88 112
12 83
43 123
12 46
91 99
134 130
90 5
111 53
44 6
39 126
21 19
51 107
48 74
105 65
86 59
54 78
131 73
1 129
58 21
62 121
47 81
19 113
122 44
94 56
5 23
25 19
9 81
96 95
63 91
4 55
76 97
65 6
88 49
1 127
130 22
37 68
32 79
69 32
72 86
106 52
65 2
75 125
91 9
29 101
83 110
3 79
31 48
63 46
52 73
36 1
140 66
101 38
51 136
103 7
34 65
39 71
131 100
131 41
4 11
36 61
29 80
44 17
17 98
121 112
56 43
2 87
83 91
101 91
22 29
73 137
63 135
76 22
37 101
122 87
33 84
124 16
100 104
55 40
109 76
31 41
87 55
102 115
105 111
97 98
68 11
25 66
12 88
113 21
32 58
62 90
9 40
57 96
135 18
92 45
7 95
14 83
130 45
64 44
9 102
51 28
134 71
25 118
30 36
56 134
119 34
102 98
135 51
133 39
109 31
123 78
65 20
82 89
91 67
137 14
110 70
69 20
11 140
125 60
30 19
23 66
73 10
89 95
126 35
122 24
63 47
34 17
142 135
71 43
121 55
87 67
129 131
11 21
130 26
40 58
79 5
5 3 1
6 2
3 5
1 6
18 4 1
4 16
3 12
10 6
6 2
3 1 1
1 3
102 8 8
99 6
10 63
20 85
56 75
46 7
25 7
59 14
21 38
260 381 63
99 77
210 223
8 107
17 165
32 80
111 59
232 208
179 133
130 82
156 105
56 98
224 186
23 185
104 192
171 180
248 161
75 249
125 254
36 96
188 215
104 242
152 118
119 38
65 85
117 9
30 155
255 166
260 168
58 198
247 202
14 3
34 164
64 158
183 96
222 39
35 48
116 65
213 75
227 166
237 147
218 55
214 130
63 211
28 163
125 218
83 151
173 137
236 210
83 122
108 215
13 38
24 201
198 40
84 209
61 110
248 77
258 84
52 246
50 124
96 110
252 108
60 248
148 163
95 233
148 192
194 8
125 155
67 155
78 133
61 255
113 206
190 125
183 101
177 11
36 116
6 10
155 104
205 16
93 175
153 229
249 184
225 185
31 248
1 121
151 96
137 188
128 85
176 34
56 83
18 241
188 240
32 141
96 64
218 26
8 152
90 67
145 25
36 222
45 20
202 115
2 175
5 251
195 32
215 109
85 222
102 168
161 84
15 204
56 7
162 166
73 61
154 250
234 240
110 124
138 131
190 162
4 259
124 119
203 194
219 196
75 136
38 22
125 244
146 199
15 214
226 41
4 214
38 228
105 110
83 135
223 42
117 96
150 117
104 229
76 94
141 179
212 152
59 37
140 64
208 23
95 202
100 50
50 36
160 179
240 52
156 197
85 21
147 177
61 216
228 184
73 101
159 50
214 25
92 41
168 161
112 8
222 168
199 159
229 151
252 34
132 223
205 74
46 250
226 109
187 243
62 122
3 210
221 35
106 180
17 62
14 231
191 212
184 54
196 25
137 164
237 93
222 49
227 254
19 92
240 220
138 141
87 144
251 130
90 74
250 131
208 3
34 250
31 232
139 105
51 258
18 254
88 106
151 49
233 1
162 199
255 78
50 31
112 46
60 45
165 246
193 32
158 29
134 201
231 145
96 89
64 98
252 255
41 106
38 108
56 173
150 217
125 35
136 252
125 106
46 59
232 16
106 255
158 36
259 201
112 194
234 14
171 56
218 139
215 30
79 90
231 172
58 119
60 175
46 195
174 114
60 199
79 147
237 14
84 115
113 171
158 216
78 246
129 176
3 105
184 73
195 74
45 260
146 176
129 111
222 184
107 252
113 7
152 18
206 13
253 95
165 67
155 89
135 205
65 82
161 23
4 3
61 237
169 153
164 90
231 236
91 233
119 109
133 112
187 224
19 244
14 206
214 150
25 37
93 229
6 232
244 238
8 203
184 124
163 235
238 30
61 93
115 149
153 131
112 86
141 33
77 11
187 128
199 157
255 176
133 228
65 125
169 6
171 170
23 207
217 9
66 56
66 166
155 152
201 128
183 150
189 46
141 225
128 121
165 14
198 23
50 156
50 69
95 16
103 224
123 40
182 253
24 261
238 152
203 159
78 191
102 249
180 188
75 58
185 130
229 205
245 156
137 56
107 160
82 108
51 144
198 75
85 240
164 108
28 207
22 50
226 178
16 102
132 196
120 14
33 177
71 4
261 51
158 45
41 211
162 238
71 105
77 98
241 242
7 147
38 181
90 45
173 194
255 177
213 48
187 230
41 204
40 169
81 73
35 67
77 215
240 225
92 131
233 144
259 3
132 45
251 197
227 90
134 4
255 159
183 45
215 162
155 45
140 106
99 132
13 236
111 86
134 3
227 37
67 42
159 111
13 58
193 120
17 257
19 70
123 133
103 132
162 61
42 142
217 114
110 162
173 152
9 1 1
2 10
95 1012 16
90 25
19 51
56 10
67 59
31 93
24 21
31 46
73 84
84 34
92 79
3 83
17 57
68 72
3 84
7 8
10 2
16 80
36 29
5 36
53 8
42 35
44 5
74 62
41 40
25 73
92 75
56 51
79 68
25 19
71 52
3 67
7 65
56 82
53 70
21 53
1 41
89 29
3 14
74 79
4 74
53 15
32 59
20 62
43 54
85 71
50 32
24 84
35 33
89 38
47 22
79 37
14 70
84 85
68 24
39 9
3 78
92 17
69 95
30 44
24 65
75 2
46 35
6 76
28 21
57 53
29 93
4 71
3 48
87 11
40 53
77 57
13 87
54 51
90 50
69 8
26 32
25 40
41 7
91 11
69 12
21 14
25 4
15 22
27 42
22 26
73 87
55 93
12 40
6 40
4 29
24 67
31 40
67 93
96 48
4 45
22 29
86 20
76 90
2 67
32 29
25 93
23 41
65 94
15 52
44 91
52 5
15 76
23 33
81 40
60 38
67 48
51 87
79 78
10 25
83 95
33 29
80 15
62 64
62 36
65 15
35 30
26 15
68 93
90 27
26 35
72 47
73 59
85 5
77 27
49 30
22 38
64 68
21 7
55 12
2 50
33 94
28 47
32 6
86 42
51 95
24 66
79 56
33 10
80 82
1 36
56 49
88 92
89 84
96 22
85 34
45 5
68 70
20 61
22 28
42 75
89 44
47 68
93 23
42 91
22 79
87 55
34 44
31 68
76 60
70 41
16 59
10 90
63 35
42 46
6 37
6 52
6 66
22 83
30 14
25 22
80 32
10 45
82 39
13 56
49 43
90 4
54 4
60 94
8 73
18 11
14 13
39 3
68 51
35 41
1 47
57 13
6 79
74 6
29 69
24 43
65 30
21 54
19 47
87 26
77 82
25 81
77 96
67 22
86 1
44 20
51 35
93 62
61 74
23 65
95 7
24 87
23 44
26 93
96 95
92 71
47 77
37 83
58 1
38 59
95 85
31 15
4 40
5 34
91 48
3 4
73 18
94 48
38 80
30 38
39 2
9 60
91 72
50 17
51 31
18 34
70 50
86 32
83 58
66 8
42 19
87 34
77 83
62 86
81 9
26 48
96 39
64 90
11 8
83 64
34 49
18 17
33 87
15 8
77 34
36 43
64 17
1 94
74 47
88 67
31 35
91 52
94 47
33 72
17 10
83 41
74 12
69 75
30 71
17 14
25 36
13 37
53 71
58 88
12 85
94 40
11 83
85 17
7 80
3 20
84 6
77 86
84 93
8 67
77 17
18 87
62 85
96 62
50 23
23 58
86 6
64 70
72 50
85 25
49 50
33 44
53 44
8 95
7 81
1 89
66 70
45 79
86 74
64 21
74 30
61 30
11 38
64 5
83 34
62 67
24 57
68 76
78 45
48 57
85 38
48 76
94 10
46 62
8 70
73 57
41 42
70 40
16 90
71 77
9 66
27 49
96 75
55 1
73 11
34 54
63 1
23 85
44 65
70 57
73 45
60 78
70 69
69 32
44 95
79 83
1 27
81 52
12 49
75 47
25 12
80 66
95 26
33 18
64 36
60 61
17 60
53 80
59 85
67 90
2 23
95 64
4 18
8 82
3 51
6 53
56 42
68 91
87 48
74 59
92 6
82 2
41 29
57 41
31 28
89 50
41 84
78 26
60 86
24 49
32 41
67 36
94 77
63 28
26 52
90 26
81 22
62 51
58 30
87 79
74 96
91 35
21 46
40 96
44 9
49 78
11 42
23 34
29 7
74 45
86 51
1 22
10 35
45 61
48 34
93 39
6 38
64 54
22 34
42 92
55 61
88 49
55 3
24 59
65 46
24 25
85 53
90 15
17 91
92 45
83 4
86 26
78 5
26 92
5 7
29 59
15 55
37 24
24 95
72 20
83 1
8 81
41 59
34 68
45 26
9 7
1 68
47 14
95 47
8 52
60 14
43 72
38 58
8 75
79 12
69 58
74 31
2 74
76 67
24 23
16 54
71 26
30 16
48 25
76 61
64 67
36 16
47 60
40 54
71 54
41 33
12 68
71 12
48 56
17 36
69 6
71 6
52 89
46 81
49 5
90 28
9 26
14 41
69 94
61 81
80 72
72 64
64 82
87 39
11 22
60 63
75 58
5 11
86 52
15 46
78 37
46 90
51 33
24 93
37 22
60 77
90 17
23 26
36 86
8 57
41 68
61 65
58 19
74 10
15 7
23 12
43 38
64 6
40 52
71 58
9 54
79 57
80 56
18 12
7 52
79 73
38 34
72 24
16 93
5 19
76 39
19 62
74 48
76 31
27 89
59 17
41 38
26 17
57 10
77 15
58 24
95 77
39 89
26 68
37 82
13 7
12 52
36 68
7 40
85 46
80 85
56 12
5 15
30 89
30 62
36 48
2 93
72 6
26 64
91 24
38 26
55 39
15 61
60 3
84 2
41 78
6 27
21 11
75 49
90 60
83 73
67 21
78 67
57 71
30 36
30 28
16 25
62 2
2 12
71 21
73 70
47 6
59 63
23 89
40 95
17 96
44 17
21 33
33 68
65 11
92 18
66 73
69 44
52 49
44 22
93 71
87 10
59 95
59 34
74 44
50 13
70 19
49 18
48 1
95 39
54 2
3 8
76 52
82 38
56 39
84 36
75 3
37 49
37 17
39 40
43 1
52 10
6 36
45 75
33 92
35 23
76 66
49 31
28 1
37 77
8 49
71 5
6 8
69 81
18 77
52 75
84 94
37 45
74 40
94 90
8 5
40 14
7 46
17 46
87 80
24 53
14 6
72 82
50 77
55 51
89 13
25 72
83 94
70 63
29 35
50 86
40 68
70 17
43 31
41 12
19 61
49 15
55 70
18 46
51 11
94 96
58 28
55 77
40 15
2 71
13 11
84 90
94 66
12 27
87 58
27 14
5 30
43 12
93 90
39 8
27 78
63 95
82 81
94 68
32 23
38 48
87 96
93 20
45 22
68 8
89 59
33 91
86 93
19 60
95 73
59 96
84 1
11 10
6 62
64 8
89 64
44 15
91 76
14 56
87 84
33 31
71 89
19 72
74 14
24 41
87 31
49 39
19 27
76 43
73 46
23 67
54 8
3 46
75 71
57 6
12 58
16 67
25 53
23 30
92 14
65 64
44 93
63 73
47 61
35 18
82 91
19 91
68 23
37 87
32 84
63 30
13 75
1 66
37 4
47 71
37 72
88 15
94 6
3 33
20 2
52 29
55 62
22 50
36 47
93 22
46 77
74 54
62 15
14 10
51 13
1 9
23 76
31 66
26 61
95 6
61 78
94 52
80 55
33 48
13 44
33 89
18 22
47 73
28 12
71 37
92 57
13 68
12 87
1 20
60 15
32 95
65 13
63 55
88 73
4 57
58 10
76 2
31 90
74 69
64 87
48 60
1 74
50 27
14 61
41 43
37 73
21 78
8 60
89 60
18 1
48 89
46 82
49 32
95 46
71 91
20 31
11 52
94 27
1 72
90 2
69 25
16 70
53 51
40 46
57 51
67 41
3 72
18 88
41 4
8 46
57 22
20 45
94 91
8 41
28 43
88 54
88 16
33 46
83 82
60 87
14 34
41 63
75 51
86 47
10 84
26 75
31 59
18 27
3 45
63 15
28 73
79 40
48 17
20 5
23 38
53 30
51 20
68 16
36 46
80 59
55 26
91 40
31 80
78 80
39 63
76 25
37 1
53 16
76 96
93 41
20 48
52 17
27 52
62 84
67 84
22 2
86 35
58 67
50 55
96 43
47 44
31 54
77 5
68 60
96 65
57 21
81 92
47 20
69 35
72 14
16 60
50 84
50 87
90 78
5 92
58 39
58 62
37 75
5 83
40 90
9 22
21 86
73 30
69 17
54 25
15 93
5 57
36 91
94 11
28 36
47 88
50 48
32 4
51 15
6 46
95 94
63 79
50 6
6 31
51 45
47 11
94 34
19 86
26 91
63 74
20 67
36 35
81 58
58 8
10 83
93 89
71 40
90 87
84 47
44 6
88 45
61 51
51 58
59 40
66 37
86 41
40 83
74 17
9 75
54 18
91 22
47 27
32 3
21 31
83 47
69 52
1 3
17 25
90 30
78 91
71 20
44 58
63 23
43 8
37 65
14 24
58 35
16 92
72 38
91 67
35 37
15 21
35 38
8 17
90 66
13 49
52 59
15 39
51 2
75 31
43 34
27 37
60 5
14 88
91 62
26 41
76 35
29 9
77 24
6 63
86 23
53 76
96 6
16 37
25 47
41 25
3 7
34 78
68 2
60 51
53 72
93 65
27 15
27 76
45 90
20 53
52 64
81 21
20 4
23 73
66 26
94 59
21 38
5 95
36 27
61 85
67 11
45 39
9 67
96 88
55 86
16 42
86 87
84 11
78 63
50 88
57 78
52 95
55 53
94 9
30 56
37 62
69 45
74 68
22 46
49 51
28 6
33 77
22 65
57 15
42 85
51 9
65 74
64 58
77 1
43 4
4 42
50 63
59 13
49 87
54 72
38 62
66 2
9 65
67 10
92 2
81 78
63 25
12 60
302 1303 72
9 246
28 213
144 245
72 8
46 208
284 179
108 15
224 177
196 208
299 150
216 100
300 119
71 53
269 212
189 30
193 69
72 167
169 123
106 120
148 37
58 64
173 171
131 223
148 92
299 99
45 281
27 185
37 110
199 120
3 145
17 124
6 29
257 153
247 296
223 164
155 257
236 189
192 33
280 161
263 253
14 270
257 284
1 10
224 238
270 118
23 115
170 27
296 48
229 95
82 31
141 237
4 171
179 286
75 146
248 242
117 211
95 161
202 161
235 118
56 26
255 12
51 228
162 211
96 283
183 238
294 246
58 13
124 230
15 282
140 83
278 45
211 76
179 172
81 15
164 132
287 291
137 165
180 221
103 6
33 61
71 10
12 189
210 101
297 58
103 151
121 175
88 299
8 169
94 274
73 272
81 7
162 158
174 210
5 106
96 115
267 48
25 143
292 121
82 144
4 11
293 9
254 248
122 32
142 287
66 274
206 120
13 67
220 46
242 222
96 44
146 143
219 82
105 37
51 60
106 28
244 97
187 148
103 276
294 291
123 53
75 29
274 190
145 283
270 197
189 235
8 126
293 24
179 174
123 92
216 260
54 279
22 186
181 218
251 252
74 31
153 166
285 137
264 184
94 42
251 70
134 251
271 115
177 199
134 67
78 153
139 83
206 101
253 192
205 136
136 143
269 226
221 64
222 80
188 164
29 60
146 159
165 16
96 224
293 13
289 281
281 29
147 248
15 162
293 279
114 129
258 104
200 105
231 49
121 78
38 253
66 260
113 132
294 22
145 209
6 49
289 206
150 54
154 23
1 31
234 266
122 256
58 52
263 134
87 203
269 190
261 72
9 73
50 83
289 243
196 186
7 183
256 53
107 180
14 32
116 213
43 225
67 153
123 91
154 119
215 125
185 219
114 128
170 256
32 280
57 145
220 164
116 61
9 239
113 192
209 186
170 203
291 136
58 109
200 43
74 239
87 61
140 149
92 206
249 212
266 72
168 238
257 208
142 93
236 15
269 228
290 61
52 174
298 153
129 249
231 220
262 181
90 167
155 55
233 68
280 19
89 238
208 303
196 188
59 152
109 140
82 262
266 79
203 68
291 73
283 184
95 46
253 267
264 32
132 110
82 98
115 131
188 76
35 128
206 119
263 231
233 200
287 97
212 113
275 29
284 258
276 267
40 173
223 155
258 277
291 13
156 7
30 294
209 11
37 243
226 121
15 86
216 80
240 241
137 96
130 271
294 196
6 296
163 146
251 138
74 182
170 121
220 85
163 24
101 200
11 146
37 70
213 26
57 225
266 34
293 200
266 172
207 152
33 292
283 261
59 104
232 273
229 105
144 161
33 119
34 277
25 294
11 37
99 297
235 79
7 255
44 263
92 264
212 125
192 24
153 12
12 185
255 38
291 292
214 260
277 64
265 90
28 26
282 194
162 226
276 33
30 262
119 101
88 111
157 287
287 2
158 165
74 241
278 256
15 195
3 160
139 281
273 175
26 117
140 168
231 74
53 45
173 67
101 108
118 84
148 24
179 181
225 204
156 70
177 58
116 66
186 50
149 141
143 197
296 134
285 37
299 131
222 196
31 121
116 264
83 109
295 276
215 90
50 195
247 280
258 87
192 37
295 219
7 79
222 294
45 86
225 28
178 67
226 44
247 148
270 4
89 138
272 76
107 259
127 134
154 81
271 288
201 202
58 243
268 256
253 168
95 117
274 78
145 99
30 93
50 182
215 76
101 281
107 11
141 144
67 78
18 220
136 127
70 13
134 273
180 40
197 121
196 163
248 60
165 128
293 243
64 174
16 255
250 159
83 229
10 161
21 143
233 138
212 276
300 142
210 135
237 212
15 63
199 296
244 165
149 296
30 298
235 86
237 287
226 68
99 269
152 37
33 34
274 295
75 150
19 225
212 233
274 67
189 246
94 118
81 127
46 84
291 15
303 56
211 111
224 162
53 275
200 72
260 163
169 271
173 111
274 299
47 297
73 270
36 224
234 146
121 84
222 258
8 145
107 14
114 26
174 102
61 35
226 224
54 138
151 197
85 41
215 189
206 32
271 41
212 155
243 259
54 23
216 136
19 264
192 28
103 180
255 272
286 117
103 155
52 233
232 186
174 252
179 160
165 286
242 276
252 60
64 248
157 31
162 62
296 162
74 258
13 215
75 173
153 43
190 271
171 49
235 206
196 226
77 265
116 191
303 166
212 134
213 267
82 303
12 281
33 15
150 91
175 272
224 158
43 286
120 249
98 69
109 127
213 136
224 93
56 110
112 187
104 259
181 34
21 182
140 198
116 34
264 177
36 158
293 2
208 273
280 73
230 56
222 59
246 110
168 274
50 294
95 63
158 232
206 148
147 113
176 156
263 86
56 133
280 132
206 247
79 284
212 227
115 58
140 223
119 278
56 234
150 197
133 232
234 84
267 297
43 138
16 72
131 277
181 83
6 289
82 249
21 18
56 165
137 249
222 162
168 272
269 299
125 241
130 218
96 18
165 221
217 153
267 238
242 109
294 174
251 171
199 301
232 187
77 25
268 299
40 116
87 88
276 70
220 38
275 66
176 216
35 256
68 261
175 193
177 201
157 230
107 171
121 41
87 273
101 24
168 266
223 294
79 232
139 73
276 7
95 128
55 119
78 20
78 239
256 71
145 132
207 210
289 291
166 95
5 67
160 148
214 183
262 274
183 80
102 146
188 234
241 120
22 147
65 51
6 253
213 51
138 95
152 73
194 123
63 145
177 78
136 61
69 268
99 242
29 115
114 173
152 219
115 227
241 63
107 34
145 251
269 182
155 247
263 63
230 177
201 75
244 274
281 32
15 270
6 277
181 64
271 234
59 253
219 58
272 303
157 45
218 179
59 13
237 183
228 200
143 80
287 128
108 51
102 50
64 63
207 191
197 250
220 136
72 124
110 163
48 195
133 284
296 89
208 65
63 91
228 121
195 245
229 53
292 60
13 174
169 16
158 221
234 16
251 262
83 267
249 262
246 67
180 148
24 68
18 10
182 144
153 118
269 108
59 223
185 225
120 255
236 2
284 233
87 118
285 208
32 105
277 240
115 27
15 163
121 91
32 92
192 301
267 229
173 189
50 279
93 169
161 118
164 73
138 206
94 193
1 143
66 191
112 64
215 82
205 192
30 106
278 66
287 113
27 104
42 21
96 5
299 163
88 273
77 145
301 33
169 301
272 211
20 161
225 121
156 167
114 207
134 253
217 167
83 41
124 241
250 279
137 77
145 284
67 56
204 286
189 108
275 252
208 73
77 129
122 43
270 168
213 171
164 129
150 281
163 53
142 15
190 226
260 161
56 263
224 221
70 123
19 143
288 83
51 56
211 100
89 227
240 141
88 130
78 2
278 202
71 145
102 237
76 228
288 64
227 178
293 63
22 176
65 100
242 96
293 245
181 152
46 111
54 102
188 33
41 150
289 54
281 218
126 25
101 63
13 281
220 232
116 33
188 22
241 290
173 84
192 249
273 29
47 19
250 241
73 16
25 159
198 41
261 102
178 159
121 34
186 177
250 4
282 85
264 69
202 229
132 201
277 125
290 6
82 84
246 287
275 117
91 301
249 279
7 46
165 26
136 17
73 120
17 269
200 95
61 177
159 177
265 268
24 271
197 185
132 31
259 89
80 288
144 32
128 132
108 83
167 174
24 283
277 110
72 198
10 140
256 266
104 112
29 239
68 182
303 210
77 230
189 272
196 129
128 85
238 107
171 250
255 223
159 185
9 141
23 30
85 137
152 22
72 267
16 227
298 164
166 181
289 50
150 78
183 82
178 225
74 295
258 34
23 176
193 173
133 292
14 161
61 202
221 145
40 298
30 55
303 74
272 292
281 231
233 280
104 4
161 243
276 79
157 179
111 295
129 31
225 115
265 15
77 60
49 34
127 27
51 88
211 18
11 177
254 138
276 293
261 49
284 101
230 238
91 66
4 226
259 109
159 86
103 293
202 76
241 1
276 66
158 66
210 49
57 207
188 54
170 246
60 143
41 111
178 181
290 51
200 170
254 62
64 302
23 291
221 171
263 55
38 174
258 10
246 255
74 277
234 237
240 290
52 289
125 285
59 277
301 124
224 274
201 157
66 7
97 151
66 256
133 120
170 82
98 181
107 235
55 70
16 45
173 210
157 265
46 155
109 89
22 256
176 70
45 226
201 103
188 298
77 235
106 78
128 4
31 171
79 16
110 46
108 188
137 143
34 213
41 58
93 4
46 293
192 189
197 289
295 97
89 261
39 73
271 214
31 200
117 89
247 63
174 223
179 63
294 112
130 38
82 155
37 210
231 280
77 187
162 191
45 131
205 293
4 216
122 106
27 156
237 84
281 90
243 252
227 232
37 241
111 162
43 20
144 78
14 5
145 107
295 77
283 83
148 242
220 249
31 298
303 120
299 273
115 275
105 218
10 8
225 2
272 177
216 18
68 251
285 248
274 16
276 289
61 131
303 249
17 273
43 137
80 13
23 302
9 64
153 69
274 145
14 188
171 274
207 25
57 163
106 90
155 134
110 159
143 58
129 24
272 67
167 80
30 2
8 205
259 93
226 218
220 239
75 230
94 131
37 34
21 145
142 234
201 15
188 87
159 36
297 210
107 69
134 173
206 279
159 101
224 225
225 188
296 298
297 295
163 214
270 51
73 295
232 210
184 134
98 275
32 175
46 190
171 35
171 216
5 288
213 188
137 68
207 256
158 192
10 22
254 87
14 265
94 20
151 232
190 163
282 10
224 210
41 71
227 70
240 148
252 229
159 63
294 282
237 116
18 45
80 140
243 235
288 82
90 98
117 59
229 207
75 229
76 77
303 119
231 135
247 139
187 69
159 92
154 102
172 167
128 41
60 124
13 160
29 234
112 4
21 22
221 55
262 162
15 115
259 213
258 263
59 241
149 88
86 87
199 167
150 199
193 53
116 263
136 23
223 75
165 13
106 67
161 297
113 298
256 220
170 198
21 165
43 21
282 252
108 22
198 96
111 104
143 299
277 162
286 212
186 168
34 19
257 106
138 249
183 146
78 216
267 78
97 106
204 183
87 183
127 92
85 197
149 110
246 14
62 30
170 250
45 115
155 263
77 192
111 44
266 183
209 134
223 239
267 225
217 1
20 19
103 10
116 129
98 39
75 167
285 215
42 273
141 178
144 212
220 262
39 62
128 20
171 235
124 245
98 207
67 264
292 245
20 237
220 96
104 40
104 39
84 165
85 181
300 71
160 205
210 26
278 9
294 190
77 93
279 31
202 97
6 47
181 214
88 227
2 278
169 96
265 261
141 302
8 162
275 153
82 5
210 86
203 4
31 263
236 187
5 281
143 301
122 303
211 222
167 17
96 81
219 102
220 98
73 97
193 147
196 86
214 143
257 250
156 46
199 62
64 140
144 119
29 164
205 21
262 165
222 189
69 27
45 44
40 190
208 250
245 254
23 161
121 247
39 17
15 193
72 112
81 110
73 116
40 48
154 107
281 7
163 47
177 72
214 185
255 81
90 243
174 258
166 68
182 249
284 243
265 283
300 99
299 117
43 104
67 154
138 130
26 111
120 114
149 236
248 156
111 43
3 75
64 3
111 175
38 208
105 16
206 250
90 23
1 169
90 26
125 37
17 93
83 237
300 243
24 39
161 269
297 259
137 303
180 171
2 139
27 144
166 235
49 31
194 218
211 263
259 99
74 130
93 186
110 87
274 70
280 4
69 284
104 25
285 83
180 175
76 240
239 232
18 233
112 221
57 85
280 302
82 42
23 266
175 41
112 169
202 4
284 235
99 117
159 302
199 14
120 263
256 166
29 264
90 22
140 100
293 155
253 98
82 122
289 115
167 266
229 90
245 418 4
101 109
237 181
210 205
201 180
69 78
204 140
149 20
30 200
233 109
5 86
175 141
194 1
188 121
39 54
7 72
213 230
120 191
54 20
141 91
101 24
166 151
10 164
183 156
207 128
138 139
186 172
50 144
46 114
180 187
209 230
94 14
140 70
215 106
54 16
170 80
210 203
78 205
9 49
163 2
92 219
226 149
214 142
173 97
129 164
57 238
107 33
76 47
194 228
74 125
88 234
58 186
130 202
115 192
70 159
212 169
16 82
11 13
22 162
135 160
184 41
9 204
165 140
169 62
30 24
166 222
12 66
50 1
180 37
165 86
119 91
65 90
69 207
175 108
220 123
223 140
205 64
216 157
143 155
46 239
172 193
190 226
162 234
17 177
180 123
33 188
115 66
153 125
136 239
22 215
130 124
167 38
111 1
115 128
232 147
164 188
146 11
192 200
120 55
217 22
155 177
12 160
41 191
91 63
202 147
106 116
155 60
35 230
149 171
186 74
45 31
128 29
135 139
75 17
171 55
231 229
163 4
11 229
200 32
238 216
109 71
215 64
140 19
161 44
28 221
90 20
115 131
2 178
33 219
29 240
157 241
109 120
134 189
145 50
47 242
51 96
152 72
235 26
14 63
214 203
15 215
160 82
170 214
218 99
138 120
126 35
45 148
139 240
81 90
5 128
58 151
183 222
76 146
140 149
103 133
64 92
9 32
186 23
160 63
129 183
137 218
49 34
73 16
115 191
87 209
226 24
49 139
13 22
145 65
57 225
71 30
75 22
86 208
161 39
207 63
122 174
87 119
122 224
165 102
232 58
120 33
109 77
211 10
54 243
212 153
115 37
196 117
70 246
203 212
81 21
173 123
101 3
122 31
230 137
224 34
144 165
174 94
243 175
19 76
136 244
104 14
154 146
200 34
77 122
145 69
238 246
137 171
164 132
160 84
115 34
79 51
99 83
124 57
85 243
161 73
186 165
121 55
110 220
172 222
31 171
65 43
193 162
98 118
78 146
223 61
215 131
11 54
217 19
193 229
3 170
196 90
231 148
5 222
160 231
201 94
99 21
208 190
119 187
58 71
238 100
16 209
90 18
85 67
23 181
97 239
5 197
15 224
20 193
206 140
106 80
199 171
52 11
224 243
175 34
21 83
209 20
78 111
86 98
111 198
129 225
216 25
144 127
150 85
235 199
123 156
141 89
63 194
43 184
3 65
206 92
73 215
72 230
157 211
86 117
193 216
174 36
80 188
217 116
53 205
42 179
28 124
239 164
102 9
225 73
238 64
98 187
70 241
96 47
162 114
156 189
151 91
28 118
168 105
149 202
130 184
122 81
107 193
19 190
143 52
93 219
161 156
120 78
226 179
246 46
213 124
10 18
217 136
196 21
185 40
209 106
207 20
214 222
72 77
224 228
129 76
26 210
1 68
189 234
33 102
34 237
153 99
189 22
193 181
187 206
3 211
11 217
230 104
145 63
91 128
111 69
118 81
142 103
204 67
112 77
229 184
45 23
182 100
95 153
47 154
44 228
97 52
147 162
154 147
176 122
55 162
61 221
84 218
159 229
47 131
232 230
189 158
68 107
25 241
151 99
56 84
44 62
23 180
68 189
151 7
19 113
162 197
100 141
18 5
229 208
152 42
190 119
189 108
30 143
12 193
182 15
68 5
114 203
150 179
158 86
13 170
85 202
145 46
20 88
197 32
221 178
13 229
28 166
96 8
96 125
53 186
97 3
69 43
184 195
168 39
35 4
146 10
107 50
106 86
13 188
49 216
71 179
15 137
63 27
223 48
195 210
111 85
219 165
212 34
246 102
87 1
143 70
102 19
76 112
33 94
232 73
155 215
122 33
55 187
222 175
214 98
145 226
56 148
84 190
193 17
59 50 9
47 32
46 11
29 59
29 46
29 22
45 13
51 35
50 46
3 49
52 9
35 7
4 38
46 34
27 25
51 6
9 42
55 32
20 49
34 35
14 52
58 53
45 5
7 38
17 28
59 35
44 53
31 19
11 36
40 2
13 41
1 49
51 30
56 24
31 44
38 29
9 36
23 27
11 44
21 46
9 46
11 53
44 32
55 10
52 60
8 3
15 29
27 19
31 10
26 1
1 7
6 1 3
6 7
10 12 1
7 1
1 9
5 3
2 5
3 9
6 10
4 10
6 4
6 7
9 6
8 1
2 7
68 3 11
53 2
3 46
24 63
39 26 20
33 19
39 7
39 2
7 3
32 17
6 12
5 10
36 16
36 4
37 6
2 37
34 31
10 27
26 27
11 15
24 17
4 3
39 4
27 22
27 2
31 29
18 6
10 4
3 17
11 14
29 36
