21 11
10 1 2 3 4 5 6 7 8 10 11 
56 98 76 74 40 79 35 82 12 85 
11 1 2 3 4 5 6 7 8 9 10 11 
32 12 60 25 29 77 83 16 21 59 62 
10 1 2 3 4 5 6 7 8 9 10 
97 29 73 82 17 74 9 83 31 95 
10 1 2 3 4 5 7 8 9 10 11 
67 13 14 31 51 91 19 55 47 12 
10 1 2 3 4 5 6 7 9 10 11 
46 34 69 61 82 21 100 84 57 82 
10 1 2 3 4 5 7 8 9 10 11 
51 19 25 33 15 15 6 26 28 48 
11 1 2 3 4 5 6 7 8 9 10 11 
56 20 6 82 7 26 65 86 55 100 69 
11 1 2 3 4 5 6 7 8 9 10 11 
75 40 8 18 54 84 34 74 43 12 83 
11 1 2 3 4 5 6 7 8 9 10 11 
86 77 13 34 90 21 77 86 25 74 59 
11 1 2 3 4 5 6 7 8 9 10 11 
18 92 93 51 13 98 21 19 76 73 35 
10 1 2 3 4 5 6 8 9 10 11 
52 99 38 75 93 22 71 93 16 95 
10 1 2 3 4 6 7 8 9 10 11 
35 79 58 83 62 55 73 30 76 88 
10 1 2 3 4 6 7 8 9 10 11 
25 89 12 94 44 68 95 66 26 46 
11 1 2 3 4 5 6 7 8 9 10 11 
82 93 41 41 38 99 17 87 43 52 11 
8 2 3 5 7 8 9 10 11 
54 29 27 3 17 49 93 42 
10 1 2 3 4 5 6 7 8 9 11 
68 49 53 58 91 28 25 34 56 33 
10 1 2 3 4 5 6 7 9 10 11 
2 66 2 13 17 15 93 13 60 39 
11 1 2 3 4 5 6 7 8 9 10 11 
60 24 68 98 62 82 23 40 34 9 23 
10 1 2 3 5 6 7 8 9 10 11 
37 73 9 22 11 34 10 16 96 89 
10 1 2 3 5 6 7 8 9 10 11 
63 73 59 79 32 100 82 85 18 49 
11 1 2 3 4 5 6 7 8 9 10 11 
100 19 34 10 33 17 18 89 97 24 96 
13 10
10 1 2 3 4 5 6 7 8 9 10 
50 47 99 13 94 91 21 48 26 9 
10 1 2 3 4 5 6 7 8 9 10 
42 92 80 53 64 97 54 36 16 69 
10 1 2 3 4 5 6 7 8 9 10 
9 25 78 32 19 22 18 65 45 19 
10 1 2 3 4 5 6 7 8 9 10 
23 68 40 11 33 78 46 32 83 11 
10 1 2 3 4 5 6 7 8 9 10 
15 62 59 72 48 58 87 61 30 61 
10 1 2 3 4 5 6 7 8 9 10 
46 48 34 24 51 60 14 29 71 2 
10 1 2 3 4 5 6 7 8 9 10 
39 21 43 8 43 48 42 73 91 24 
10 1 2 3 4 5 6 7 8 9 10 
38 84 9 17 61 77 81 12 23 66 
10 1 2 3 4 5 6 7 8 9 10 
81 90 54 53 59 6 7 27 5 81 
10 1 2 3 4 5 6 7 8 9 10 
25 40 41 31 21 21 81 12 29 53 
10 1 2 3 4 5 6 7 8 9 10 
49 90 67 41 99 85 27 27 52 75 
10 1 2 3 4 5 6 7 8 9 10 
34 70 6 51 15 56 49 46 11 38 
10 1 2 3 4 5 6 7 8 9 10 
96 82 29 28 36 98 87 8 95 61 
11 22
12 2 3 5 7 8 10 11 13 15 16 18 21 
97 52 95 74 47 68 1 86 41 99 6 24 
12 1 3 5 7 9 11 12 14 16 18 20 22 
45 30 4 25 79 73 67 48 81 83 98 35 
13 2 4 5 7 9 10 11 12 14 16 18 21 22 
61 22 52 14 95 71 1 96 93 75 70 26 45 
14 1 3 4 6 7 8 10 11 13 15 16 18 20 22 
98 88 40 17 42 38 59 40 41 76 86 94 63 55 
14 2 3 4 6 7 9 12 13 14 16 17 19 20 21 
9 97 98 49 34 30 86 96 25 97 79 40 55 87 
15 2 4 5 6 7 8 10 12 14 16 17 19 20 21 22 
76 32 1 2 86 26 77 27 72 50 23 34 17 89 45 
14 1 2 4 6 8 9 11 12 14 15 17 19 20 22 
56 35 33 55 63 8 92 84 14 29 6 9 8 74 
15 1 3 4 6 8 9 10 11 13 14 15 17 18 20 21 
5 81 99 100 62 85 17 95 7 4 26 90 86 24 16 
15 1 3 4 5 7 9 10 11 13 14 16 18 19 21 22 
21 13 64 54 41 80 78 93 7 48 64 75 80 92 59 
13 2 4 5 8 9 10 12 14 15 16 18 20 22 
29 36 54 95 56 73 69 49 3 64 45 64 55 
16 2 3 4 5 6 8 9 10 11 13 14 15 16 19 20 21 
67 69 38 79 70 83 83 58 69 34 58 25 35 85 91 45 
19 8
8 1 2 3 4 5 6 7 8 
73 67 62 97 24 45 74 26 
8 1 2 3 4 5 6 7 8 
14 28 13 94 32 41 35 34 
8 1 2 3 4 5 6 7 8 
88 5 36 44 37 92 57 13 
8 1 2 3 4 5 6 7 8 
96 3 30 94 83 62 94 87 
8 1 2 3 4 5 6 7 8 
80 2 19 13 8 39 66 37 
8 1 2 3 4 5 6 7 8 
10 33 51 59 48 2 28 35 
8 1 2 3 4 5 6 7 8 
66 41 76 55 26 94 10 11 
8 1 2 3 4 5 6 7 8 
21 88 6 68 94 75 58 45 
8 1 2 3 4 5 6 7 8 
80 95 24 55 99 90 13 71 
8 1 2 3 4 5 6 7 8 
62 17 55 61 73 43 4 3 
8 1 2 3 4 5 6 7 8 
62 8 52 46 92 57 39 75 
8 1 2 3 4 5 6 7 8 
97 65 72 54 90 92 1 36 
8 1 2 3 4 5 6 7 8 
91 14 80 68 29 57 95 95 
8 1 2 3 4 5 6 7 8 
14 52 49 51 91 15 74 92 
8 1 2 3 4 5 6 7 8 
7 88 28 59 3 52 94 48 
8 1 2 3 4 5 6 7 8 
88 57 95 74 53 11 72 16 
8 1 2 3 4 5 6 7 8 
54 30 31 94 7 76 37 40 
8 1 2 3 4 5 6 7 8 
40 47 68 54 44 54 52 18 
8 1 2 3 4 5 6 7 8 
33 58 34 74 45 97 77 95 
20 20
13 1 3 5 7 9 11 12 14 15 16 17 18 20 
3 62 100 14 86 26 32 68 27 3 89 38 51 
13 2 4 6 8 9 10 12 13 14 16 18 19 20 
95 87 61 86 89 29 88 85 70 28 44 37 90 
13 2 3 4 6 7 9 10 12 13 15 17 18 20 
50 57 20 86 42 37 46 48 13 13 54 1 88 
13 1 2 4 6 7 8 9 11 12 14 16 18 19 
84 36 57 4 31 19 26 7 16 6 90 31 73 
15 2 3 4 6 7 8 9 10 11 12 13 15 16 18 19 
96 100 77 49 74 96 29 65 31 40 20 67 65 8 42 
12 2 4 6 7 9 11 12 14 15 17 18 19 
93 56 43 34 48 96 6 35 33 63 57 20 
13 2 4 5 6 7 8 10 12 13 14 16 18 20 
63 42 55 62 44 16 60 51 58 42 1 94 50 
14 1 2 3 4 6 8 10 11 12 13 15 16 18 20 
27 90 76 43 25 39 87 82 59 47 63 100 26 81 
13 2 3 5 7 8 9 10 11 12 14 16 17 19 
66 68 71 38 58 9 62 52 38 28 26 19 71 
12 2 4 5 6 8 9 10 12 14 16 18 20 
60 67 25 66 44 11 20 81 12 69 88 28 
12 2 4 5 7 9 10 12 13 14 16 17 19 
23 19 15 54 41 29 29 3 58 81 74 20 
13 2 3 5 6 7 8 9 11 13 15 16 18 20 
88 82 94 23 70 79 9 86 6 36 49 53 23 
14 2 4 5 7 8 9 11 12 14 15 16 18 19 20 
15 63 48 72 85 66 63 42 24 57 15 16 56 7 
15 2 3 4 5 6 8 9 11 12 13 14 15 17 18 20 
34 68 39 35 89 36 16 61 14 84 92 88 19 61 30 
13 2 4 5 7 8 10 11 13 15 16 17 18 19 
8 34 8 67 100 23 73 27 60 64 16 3 47 
13 1 3 5 7 8 9 11 13 14 15 16 17 19 
28 58 30 79 17 100 74 41 88 100 100 98 58 
15 2 3 4 5 6 8 9 10 11 13 14 16 18 19 20 
11 99 97 99 75 67 9 86 38 90 68 81 8 81 8 
14 1 2 4 6 8 9 11 12 14 15 16 17 19 20 
70 77 40 72 85 20 38 19 80 62 88 50 4 82 
14 2 3 4 5 6 8 9 11 13 14 16 17 19 20 
68 43 57 57 48 26 6 16 31 14 70 95 54 81 
13 2 3 4 5 6 7 9 11 12 13 15 17 19 
64 59 14 20 20 21 83 2 99 61 26 10 57 
4 18
14 1 2 4 5 6 7 8 10 11 12 13 14 15 17 
29 14 75 1 14 56 40 79 25 78 44 69 12 20 
12 2 4 5 7 9 10 12 13 14 16 17 18 
62 89 68 65 37 15 11 13 45 17 5 96 
12 2 4 5 6 7 9 10 11 12 13 15 17 
4 64 22 16 35 29 79 52 20 90 100 45 
11 2 4 6 8 9 11 13 14 15 17 18 
52 65 45 79 61 75 6 55 49 31 68 
7 11
10 1 3 4 5 6 7 8 9 10 11 
5 88 85 20 11 76 54 36 54 9 
11 1 2 3 4 5 6 7 8 9 10 11 
58 18 10 87 33 71 80 48 1 79 47 
11 1 2 3 4 5 6 7 8 9 10 11 
32 98 90 50 35 66 75 51 14 38 70 
9 1 2 3 5 6 7 8 9 11 
70 7 69 52 49 67 35 58 56 
10 1 2 3 4 5 6 7 8 10 11 
44 3 67 86 11 19 91 8 13 14 
8 1 3 5 6 7 8 9 11 
7 36 89 66 51 71 46 62 
10 2 3 4 5 6 7 8 9 10 11 
8 47 13 3 14 18 51 56 44 70 
24 6
6 1 2 3 4 5 6 
31 33 86 87 29 92 
6 1 2 3 4 5 6 
60 62 53 3 38 88 
6 1 2 3 4 5 6 
29 10 89 3 19 84 
6 1 2 3 4 5 6 
8 99 96 22 26 48 
6 1 2 3 4 5 6 
21 86 57 45 74 80 
6 1 2 3 4 5 6 
2 92 46 20 40 91 
6 1 2 3 4 5 6 
37 73 96 96 37 57 
6 1 2 3 4 5 6 
84 100 7 44 21 70 
6 1 2 3 4 5 6 
93 76 62 36 23 95 
6 1 2 3 4 5 6 
91 89 41 58 84 93 
6 1 2 3 4 5 6 
51 66 2 43 23 73 
6 1 2 3 4 5 6 
37 56 1 4 59 25 
6 1 2 3 4 5 6 
22 49 83 42 42 87 
6 1 2 3 4 5 6 
71 23 31 41 6 42 
6 1 2 3 4 5 6 
23 98 30 35 19 40 
6 1 2 3 4 5 6 
90 71 12 45 93 89 
6 1 2 3 4 5 6 
99 8 52 57 13 19 
6 1 2 3 4 5 6 
82 75 96 10 55 34 
6 1 2 3 4 5 6 
37 77 30 23 28 51 
6 1 2 3 4 5 6 
86 69 91 35 75 87 
6 1 2 3 4 5 6 
7 71 8 69 79 61 
6 1 2 3 4 5 6 
58 92 11 55 97 94 
6 1 2 3 4 5 6 
44 78 14 78 34 40 
6 1 2 3 4 5 6 
60 3 10 7 45 75 
1 24
14 1 2 4 5 7 8 11 13 14 15 17 19 22 24 
52 19 43 33 84 21 56 87 79 9 84 79 17 100 
22 5
5 1 2 3 4 5 
77 28 73 74 61 
5 1 2 3 4 5 
45 71 99 74 76 
5 1 2 3 4 5 
68 41 7 64 64 
5 1 2 3 4 5 
95 37 25 99 10 
5 1 2 3 4 5 
22 21 30 85 76 
5 1 2 3 4 5 
89 49 59 98 96 
5 1 2 3 4 5 
9 17 48 37 21 
5 1 2 3 4 5 
83 60 19 29 40 
5 1 2 3 4 5 
66 37 10 73 84 
5 1 2 3 4 5 
52 30 46 68 100 
5 1 2 3 4 5 
49 81 15 91 7 
5 1 2 3 4 5 
39 7 95 78 64 
5 1 2 3 4 5 
58 98 94 77 71 
5 1 2 3 4 5 
45 10 6 6 98 
5 1 2 3 4 5 
93 76 15 11 61 
5 1 2 3 4 5 
56 61 73 66 77 
5 1 2 3 4 5 
98 100 73 63 80 
5 1 2 3 4 5 
82 61 27 84 30 
5 1 2 3 4 5 
4 4 96 64 47 
5 1 2 3 4 5 
70 31 14 66 37 
5 1 2 3 4 5 
2 75 46 62 64 
5 1 2 3 4 5 
18 8 76 8 51 