2
2
1
2
2
2
3
2
3
4
3
2
3
2
4
4
6
5
9
15
18
20
21
21
21
21
21
21
22
22
23
23
23
23
23
23
23
23
23
23
23
23
23
23
23
24
24
24
24
24
24
24
24
24
25
25
25
26
26
26
26
26
26
26
26
26
26
26
26
26
26
26
26
26
26
26
26
26
26
26
26
26
26
26
26
26
26
26
26
26
26
26
26
26
26
26
26
26
26
26
2
2
3
3
4
2
2
3
2
3
4
6
10
2
10
4
2
13
14
14
14
18
18
18
18
19
19
19
19
20
22
22
22
22
22
24
24
24
24
25
25
25
25
25
25
25
25
25
25
25
25
25
25
25
25
25
25
25
25
25
25
25
25
25
25
25
25
25
25
25
25
25
26
26
26
26
26
26
26
26
26
26
26
26
26
26
26
26
26
26
26
26
26
26
26
26
26
26
26
26
2
2
2
3
3
2
3
4
2
2
1
3
7
9
9
12
13
14
14
3
17
18
18
19
19
19
19
19
19
20
20
20
21
22
25
25
25
26
26
26
26
26
26
26
26
26
26
26
26
26
26
26
26
26
26
26
26
26
26
26
26
26
26
26
26
26
26
26
26
26
26
26
26
26
26
26
26
26
26
26
26
26
26
26
26
26
26
26
26
26
26
26
26
26
26
26
26
26
26
26
2
2
3
2
5
5
2
2
2
2
4
9
10
11
3
14
14
15
15
2
16
16
18
18
18
18
19
20
20
20
20
20
21
21
21
21
21
21
3
21
21
21
21
24
24
24
24
24
24
24
24
25
25
25
25
25
25
25
25
25
25
25
25
25
25
25
26
26
26
26
26
26
26
26
26
26
26
26
26
26
26
26
26
26
26
26
26
26
26
26
26
26
26
26
26
26
26
26
26
26
2
2
2
2
2
4
2
3
3
2
2
4
3
3
7
8
10
11
12
5
15
20
2
20
23
23
25
26
26
26
26
26
26
26
26
26
26
26
26
26
26
26
26
26
26
26
26
26
26
26
26
26
26
26
26
26
26
26
26
26
26
26
26
26
26
26
26
26
26
26
26
26
26
26
26
26
26
26
26
26
26
26
26
26
26
26
26
26
26
26
26
26
26
26
26
26
26
26
26
26
2
3
1
2
3
2
2
2
1
2
3
3
6
7
8
1
2
10
12
4
3
2
16
16
3
16
16
17
17
17
18
21
24
24
24
24
24
24
25
26
26
26
26
26
26
26
26
26
26
26
26
26
26
26
26
26
26
26
26
26
26
26
26
26
26
26
26
26
26
26
26
26
26
26
26
26
26
26
26
26
26
26
26
26
26
26
26
26
26
26
26
26
26
26
26
26
26
26
26
26
2
2
2
3
2
2
2
3
4
5
2
5
8
2
7
10
7
17
17
2
18
20
22
22
22
1
22
22
22
22
22
22
22
22
22
22
23
23
24
24
24
24
24
24
25
25
25
25
25
25
26
26
26
26
26
26
26
26
26
26
26
26
26
26
26
26
26
26
26
26
26
26
26
26
26
26
26
26
26
26
26
26
26
26
26
26
26
26
26
26
26
26
26
26
26
26
26
26
26
26
2
2
3
2
1
4
2
3
4
4
2
5
4
6
7
8
4
9
10
8
10
10
11
9
9
12
9
21
22
1
22
23
23
23
24
24
24
24
24
24
24
24
24
24
25
25
26
26
26
26
26
26
26
26
26
26
26
26
26
26
26
26
26
26
26
26
26
26
26
26
26
26
26
26
26
26
26
26
26
26
26
26
26
26
26
26
26
26
26
26
26
26
26
26
26
26
26
26
26
26
2
2
2
2
2
3
4
3
4
5
5
2
3
8
6
7
9
3
5
10
18
18
23
23
23
1
23
23
23
23
23
23
23
23
24
24
24
24
24
24
24
25
25
26
26
26
26
26
26
26
26
26
26
26
26
26
26
26
26
26
26
26
26
26
26
26
26
26
26
26
26
26
26
26
26
26
26
26
26
26
26
26
26
26
26
26
26
26
26
26
26
26
26
26
26
26
26
26
26
26
1
2
2
2
2
3
2
3
4
6
6
4
2
7
5
9
10
15
15
16
16
17
3
17
17
17
18
2
19
19
19
19
19
19
19
19
22
22
22
24
24
24
24
24
24
24
24
24
24
24
24
24
24
24
24
24
24
24
24
24
24
24
24
24
24
25
25
25
25
25
25
26
26
26
26
26
26
26
26
26
26
26
26
26
26
26
26
26
26
26
26
26
26
26
26
26
26
26
26
26