1
100
200
00111101111101110100010101110101110000011110001011
200
00111101111101110100010101110101110000011110001011
200
00111101111101110100010101110101110000011110001011
200
00111101111101110100010101110101110000011110001011
200
00111101111101110100010101110101110000011110001011
200
00111101111101110100010101110101110000011110001011
200
00111101111101110100010101110101110000011110001011
200
00111101111101110100010101110101110000011110001011
200
00111101111101110100010101110101110000011110001011
200
00111101111101110100010101110101110000011110001011
200
00111101111101110100010101110101110000011110001011
200
00111101111101110100010101110101110000011110001011
200
00111101111101110100010101110101110000011110001011
200
00111101111101110100010101110101110000011110001011
200
00111101111101110100010101110101110000011110001011
200
00111101111101110100010101110101110000011110001011
200
00111101111101110100010101110101110000011110001011
200
00111101111101110100010101110101110000011110001011
200
00111101111101110100010101110101110000011110001011
200
00111101111101110100010101110101110000011110001011
200
00111101111101110100010101110101110000011110001011
200
00111101111101110100010101110101110000011110001011
200
00111101111101110100010101110101110000011110001011
200
00111101111101110100010101110101110000011110001011
200
00111101111101110100010101110101110000011110001011
200
00111101111101110100010101110101110000011110001011
200
00111101111101110100010101110101110000011110001011
200
00111101111101110100010101110101110000011110001011
200
00111101111101110100010101110101110000011110001011
200
00111101111101110100010101110101110000011110001011
200
00111101111101110100010101110101110000011110001011
200
00111101111101110100010101110101110000011110001011
200
00111101111101110100010101110101110000011110001011
200
00111101111101110100010101110101110000011110001011
200
00111101111101110100010101110101110000011110001011
200
00111101111101110100010101110101110000011110001011
200
00111101111101110100010101110101110000011110001011
200
00111101111101110100010101110101110000011110001011
200
00111101111101110100010101110101110000011110001011
200
00111101111101110100010101110101110000011110001011
200
00111101111101110100010101110101110000011110001011
200
00111101111101110100010101110101110000011110001011
200
00111101111101110100010101110101110000011110001011
200
00111101111101110100010101110101110000011110001011
200
00111101111101110100010101110101110000011110001011
200
00111101111101110100010101110101110000011110001011
200
00111101111101110100010101110101110000011110001011
200
00111101111101110100010101110101110000011110001011
200
00111101111101110100010101110101110000011110001011
200
00111101111101110100010101110101110000011110001011
200
00111101111101110100010101110101110000011110001011
200
00111101111101110100010101110101110000011110001011
200
00111101111101110100010101110101110000011110001011
200
00111101111101110100010101110101110000011110001011
200
00111101111101110100010101110101110000011110001011
200
00111101111101110100010101110101110000011110001011
200
00111101111101110100010101110101110000011110001011
200
00111101111101110100010101110101110000011110001011
200
00111101111101110100010101110101110000011110001011
200
00111101111101110100010101110101110000011110001011
200
00111101111101110100010101110101110000011110001011
200
00111101111101110100010101110101110000011110001011
200
00111101111101110100010101110101110000011110001011
200
00111101111101110100010101110101110000011110001011
200
00111101111101110100010101110101110000011110001011
200
00111101111101110100010101110101110000011110001011
200
00111101111101110100010101110101110000011110001011
200
00111101111101110100010101110101110000011110001011
200
00111101111101110100010101110101110000011110001011
200
00111101111101110100010101110101110000011110001011
200
00111101111101110100010101110101110000011110001011
200
00111101111101110100010101110101110000011110001011
200
00111101111101110100010101110101110000011110001011
200
00111101111101110100010101110101110000011110001011
200
00111101111101110100010101110101110000011110001011
200
00111101111101110100010101110101110000011110001011
200
00111101111101110100010101110101110000011110001011
200
00111101111101110100010101110101110000011110001011
200
00111101111101110100010101110101110000011110001011
200
00111101111101110100010101110101110000011110001011
200
00111101111101110100010101110101110000011110001011
200
00111101111101110100010101110101110000011110001011
200
00111101111101110100010101110101110000011110001011
200
00111101111101110100010101110101110000011110001011
200
00111101111101110100010101110101110000011110001011
200
00111101111101110100010101110101110000011110001011
200
00111101111101110100010101110101110000011110001011
200
00111101111101110100010101110101110000011110001011
200
00111101111101110100010101110101110000011110001011
200
00111101111101110100010101110101110000011110001011
200
00111101111101110100010101110101110000011110001011
200
00111101111101110100010101110101110000011110001011
200
00111101111101110100010101110101110000011110001011
200
00111101111101110100010101110101110000011110001011
200
00111101111101110100010101110101110000011110001011
200
00111101111101110100010101110101110000011110001011
200
00111101111101110100010101110101110000011110001011
200
00111101111101110100010101110101110000011110001011
200
00111101111101110100010101110101110000011110001011
200
00111101111101110100010101110101110000011110001011
1
S 666 666666
