38 482
-615
-156
-663
184
395
-24
-335
360
-551
-135
890
-603
436
-418
205
740
961
-664
-301
-890
-314
607
-950
559
-577
-597
-212
451
-627
-801
-121
-242
44
216
942
996
749
-836
16 656
-414
-199
-848
-979
-60
357
318
-100
694
-984
-432
937
180
-825
495
603
10 733
-389
-491
-961
490
267
-360
-738
-234
-808
-990
40 299
766
73
906
476
-349
-154
-611
969
303
-918
985
428
576
-278
603
71
-676
739
-532
-508
-753
-493
982
71
148
-757
837
-103
812
-677
-999
134
-47
908
-391
604
-690
-1
572
170
40 852
-402
-786
836
758
-158
717
496
-133
-791
743
374
748
-629
-922
992
-793
-24
360
-912
-466
-950
41
-559
-783
-798
-692
-227
774
36
411
-556
191
182
-721
-52
581
554
-999
-553
763
34 480
510
672
14
58
880
990
975
525
-476
-975
-435
-478
-758
-233
-612
15
-902
424
983
-458
-386
-278
-621
119
-698
490
120
-693
252
-579
243
-682
-908
-744
50 380
804
-92
53
885
-67
176
964
-268
943
-649
747
598
332
287
698
503
-992
-924
-378
868
123
742
732
-626
720
-26
-751
813
231
183
-102
34
649
952
-525
-419
127
-562
-129
-374
-210
-826
-776
-879
461
479
182
469
112
804
1 631
102
32 228
-178
600
-586
-809
-613
155
89
-22
-197
-403
453
-59
724
891
812
908
-320
987
689
-641
4
167
541
-970
-722
-99
-76
-488
-998
549
-323
-619
7 767
-428
92
803
219
-931
-838
816
47 568
97
-30
-528
-439
650
-985
-751
566
20
416
-337
-393
251
564
531
763
124
79
997
505
342
-799
635
-567
562
-590
-940
724
-775
139
-616
-121
-892
-586
440
316
987
689
-119
-437
-339
102
170
912
-778
-300
231
46 854
-216
-592
-322
-14
-958
-332
-896
-548
-272
385
-766
868
327
-329
533
298
-890
-152
284
357
287
405
575
-612
-426
487
-390
-168
-726
514
726
-384
922
961
159
521
-372
263
530
-86
-353
321
-662
531
992
871
46 171
-281
-888
-427
563
517
-853
508
648
191
675
-964
23
188
762
639
-334
722
-203
-814
-650
-941
273
-179
-737
-406
159
352
-415
29
-821
802
305
849
-626
-576
-78
-478
932
-430
270
607
-394
-708
-649
926
931
13 635
-273
-239
554
-657
-966
-626
-836
-372
533
516
-230
-881
695
50 739
101
-54
849
-978
25
337
-851
-705
-57
-687
-413
-148
-762
-925
870
885
-641
-813
-4
-297
-779
370
-133
-594
-97
940
177
22
634
306
-998
-266
809
408
-686
-609
-255
-537
-314
245
-667
-170
-904
-429
-538
523
-987
-178
711
9
26 281
-622
949
896
-162
888
72
417
78
935
-23
370
743
-616
684
691
-314
704
934
489
-963
-236
585
-835
-217
108
-822
28 153
-256
-314
864
-320
-366
759
75
-922
-613
-508
-286
-679
26
-917
622
410
324
312
654
-416
246
142
-379
567
-274
-656
-651
391
18 84
323
-176
-803
187
61
-611
-55
-865
-976
333
-816
-262
211
210
-622
-168
-380
702
48 909
844
-496
-28
-536
628
255
-635
534
-797
-555
45
526
-174
-200
-288
887
189
658
-979
-230
-453
-794
509
758
416
444
-853
593
146
406
-20
-11
910
952
10
537
207
-67
70
410
378
673
-65
-797
-528
205
-911
218
40 203
988
409
431
53
166
-596
-503
-130
997
200
-725
-466
746
-816
-515
-688
278
249
245
906
-785
-821
135
-292
-618
607
913
-972
-619
-669
254
926
740
-316
-464
-538
88
33
333
-358
34 337
176
535
350
218
404
-816
-533
-351
647
-318
-172
-219
-53
-232
945
-141
-647
-675
190
607
809
-514
-709
-656
-494
-64
-66
396
578
-720
-440
-247
372
467
37 918
209
996
-19
-145
-766
367
637
182
-866
581
598
-956
464
-655
652
272
-612
500
173
-106
-565
664
847
-987
944
965
-677
315
431
852
-911
-361
404
71
495
639
-563
17 355
-872
826
532
-828
289
434
824
-883
823
-120
290
-727
316
-47
678
-114
-104
16 914
-790
72
-382
858
269
-979
-72
-680
217
-78
8
151
50
-167
-760
222
12 859
-397
797
53
483
-356
327
-202
154
-439
241
-950
-798
3 795
-169
-375
232
5 694
-841
977
421
-362
-459
11 14
-68
-189
-533
-389
-958
-373
965
95
-891
-392
979
45 212
-461
706
370
-259
713
-256
573
-663
977
229
-459
693
-237
962
-669
304
-911
576
-765
-542
600
-597
-943
-774
-632
152
894
-24
131
-642
-705
227
621
222
969
334
524
98
228
57
884
769
-694
-354
287
1 633
-66
29 521
-51
370
-854
6
154
-486
715
47
47
-598
405
-100
630
-418
679
598
473
202
-748
-299
-742
693
-974
-435
-661
-129
-241
847
362
12 489
-690
14
292
-127
-833
806
-413
214
-590
-10
-382
310
44 806
-12
331
-770
748
583
-69
563
-168
-486
685
171
385
-556
-426
-697
-913
721
-830
101
12
43
268
-625
188
-519
-215
735
-344
652
911
-29
-361
241
201
944
-620
689
507
212
-798
191
941
145
192
30 928
280
349
619
938
-639
-782
-237
-707
-37
244
78
-303
458
-271
-836
-572
-75
-38
186
-131
-101
-126
933
669
76
123
166
778
873
237
47 566
-414
-599
-354
-496
-824
409
-203
140
-790
432
837
225
718
559
653
-358
-923
-162
68
-23
269
0
-355
-656
681
811
680
553
-396
-538
819
-253
-580
-536
-192
-404
431
162
736
641
-407
130
-135
-690
-312
-926
-490
48 454
135
299
738
693
501
639
373
-132
318
-518
473
337
-700
777
757
-679
-415
-647
752
304
-912
-51
898
-225
371
765
20
2
832
343
471
-33
-359
208
-341
-858
-596
589
-433
722
628
-961
59
485
374
-628
363
516
40 444
-181
-629
621
-727
146
-451
596
724
551
427
66
22
951
264
787
-834
-37
-810
755
531
470
-61
127
-915
-577
-500
-543
787
573
-260
-985
-608
111
636
-778
814
742
818
537
293
10 520
872
-248
424
215
-81
-614
-37
-327
474
990
13 731
-926
593
-342
-912
-64
-769
-172
-49
-820
496
-856
-598
-133
12 550
961
-265
-421
-880
-837
331
101
-64
-751
487
899
-520
29 59
650
119
519
-201
777
164
293
-993
993
801
-813
45
945
-853
912
388
925
430
680
-497
550
401
834
-793
-664
641
694
792
678
49 415
-116
330
-689
240
-336
32
-468
-329
24
-667
-584
627
835
-437
95
-221
-513
-476
-984
-10
631
417
-620
838
310
578
89
-342
255
-143
451
696
745
319
-64
-592
-650
25
79
-68
358
495
-885
-250
-943
210
86
-899
292
29 422
-78
-482
29
-683
385
-394
406
600
419
820
50
114
564
926
-951
972
834
-368
51
-235
990
-898
-120
-704
718
647
383
819
-62
8 763
418
-440
53
735
502
659
-303
102
22 110
709
749
-920
192
355
-949
25
987
-341
347
534
-238
-774
387
-964
430
-674
855
-632
-632
879
786
35 531
520
987
-853
774
-355
-219
-711
912
-471
927
103
442
979
685
-15
-806
31
-925
-44
-186
463
-8
-757
789
-596
-389
-844
-718
-604
-359
-229
473
-815
-82
-197
4 481
93
-259
786
19
23 155
-446
85
769
-251
-885
845
262
-71
-136
812
-270
-348
-785
341
-634
-946
295
7
-618
-676
192
300
128
35 261
778
-680
-659
-204
279
125
-92
921
-550
657
-964
-706
-82
-478
-285
-271
-191
368
-499
-850
734
-887
2
-703
-505
326
490
353
-990
69
909
788
-54
-751
-859
4 833
49
703
381
-295
5 627
180
818
948
467
-373
15 70
-666
-395
195
336
-97
248
-782
950
-400
-771
-425
-492
574
521
-686
17 734
245
-237
-438
-818
25
858
415
-795
675
363
672
859
-766
-247
750
-160
949
42 266
196
-582
249
353
-353
824
861
778
-99
732
493
761
-467
-745
-678
-285
281
-821
-870
43
412
493
-729
-173
284
24
-423
681
-471
-224
-20
725
194
786
-366
398
609
-506
176
-933
783
-332
29 431
-520
708
31
318
887
161
-640
-145
-790
-369
683
494
213
817
-268
742
-851
712
24
344
498
658
-259
-337
710
474
-270
492
-859
5 670
-821
823
-605
497
266
36 500
-879
-120
-955
361
931
-185
-266
-338
-443
-117
932
138
-774
429
-205
-475
649
-939
999
937
111
-860
-949
-525
-681
431
-573
373
-304
540
-213
-626
977
-167
735
907
35 445
-874
762
-91
-943
-544
135
43
252
660
-309
-130
216
-373
981
-87
-765
-545
-211
666
-118
-839
920
979
-51
851
512
339
143
419
-457
168
102
-695
-924
159
39 209
759
570
986
-551
-560
201
-366
978
-887
-574
-567
-98
-908
-128
-379
569
-149
570
419
-638
-92
-882
338
451
287
997
313
363
155
632
-869
-530
-242
-883
-80
-245
-125
111
-267
46 178
-277
448
186
595
-932
-689
-998
195
288
923
660
406
-183
-332
-308
-186
538
613
526
169
744
997
485
418
-527
797
-707
584
-914
-161
-323
-191
-714
864
962
913
-826
964
107
462
886
-233
-575
-297
435
117
5 733
-271
-401
699
-970
-405
29 407
68
-464
-145
-792
-820
694
-114
-11
538
-694
-50
450
-520
-529
-887
500
914
-563
482
-827
872
-402
247
-599
-115
847
657
-528
-559
19 931
67
-954
-668
275
-774
583
718
-227
120
-977
280
-874
-939
751
-760
118
222
-323
-401
43 989
197
-358
-936
639
-955
278
-890
-957
231
145
-333
277
34
943
504
-384
217
-724
294
241
113
420
302
-136
217
-581
-915
452
-425
37
115
772
236
179
-32
281
-544
-365
-118
244
780
549
-480
19 770
581
-456
-735
414
838
63
-473
-186
922
-52
589
898
-410
40
-528
627
-846
801
-580
6 849
258
346
404
-861
-411
-260
34 209
111
-707
805
212
-885
218
49
-265
302
420
-344
-751
8
-447
-161
-953
25
-977
759
-174
-557
-352
151
701
551
-889
398
697
-591
-357
-637
520
-507
725
21 290
-58
337
-99
802
-244
558
-950
322
668
-553
369
-307
-973
-315
76
-530
333
784
728
-116
896
2 38
-696
-118
25 936
376
-776
669
99
-276
-438
1000
-475
-125
114
-868
-804
-218
-421
123
32
-837
808
665
-367
140
448
919
581
-100
15 828
-239
40
-782
699
973
-557
367
71
167
929
-373
249
-196
742
381
30 919
518
680
112
681
487
-224
872
-816
781
347
765
-319
504
483
-1
-457
702
-302
-485
702
-936
143
-575
551
771
674
912
69
-389
-532
20 839
-852
-740
810
192
-407
238
376
-627
-416
-302
-389
-913
-820
611
-812
439
-692
-740
-303
930
10 348
480
-269
-648
-52
800
-36
417
-52
92
122
30 369
-687
358
696
690
288
-721
-613
900
925
-876
67
-888
121
375
-628
375
-139
333
-946
899
-937
-594
-154
420
-73
820
925
-981
-59
-311
17 765
604
731
-499
-108
567
-555
-652
491
-874
415
160
-196
-654
533
-821
-236
-135
41 953
-514
-804
66
906
124
-115
388
-300
384
-924
-709
-805
238
-979
-304
-871
146
-302
-966
-364
-176
449
354
186
352
-114
365
-885
308
155
-222
351
-92
401
-186
589
-715
-799
846
226
835
34 320
72
716
-884
-242
-139
-629
-208
55
196
-760
-592
-619
149
-149
303
265
-842
-986
600
67
-521
-443
881
-932
-158
-919
471
626
473
608
46
-455
-119
-280
32 394
91
-905
-647
844
893
-682
782
42
169
84
864
-115
-345
20
952
135
577
389
-240
976
27
788
601
-501
396
-353
-399
834
-76
905
132
572
25 995
416
449
361
197
-953
-470
839
911
-28
-507
-513
-520
185
-937
869
945
-961
-548
733
197
-49
-315
401
553
-482
14 681
207
897
-430
-308
312
576
611
-935
624
-860
904
91
-331
955
28 464
139
642
-426
84
238
-417
-627
-565
91
-385
393
-800
-310
718
214
897
171
784
-854
-961
360
757
-896
-460
454
566
631
-878
45 842
-172
-342
966
-41
299
203
542
229
195
-368
844
-412
-610
-467
863
604
988
33
-55
-867
72
862
447
-267
-599
-100
-702
589
-421
375
-645
-36
-967
-680
923
-111
80
21
-882
833
210
962
-580
600
-948
27 633
-961
-128
706
730
501
124
176
-767
82
-925
-911
-330
-789
464
-418
175
54
-541
97
944
540
675
-939
372
-559
580
349
15 114
188
-641
228
-941
-936
-43
117
-255
690
350
827
765
-4
-947
976
39 781
150
-372
95
804
-429
-809
35
-811
120
477
327
-532
75
-485
656
434
301
272
55
-743
-612
800
948
296
183
269
-709
236
-198
866
429
509
-506
-919
-130
-378
830
905
-631
17 115
696
418
-988
768
-369
3
68
903
615
-117
-709
-29
-613
144
-847
656
-8
45 716
-142
933
524
-91
571
951
88
401
855
457
-650
-650
-291
325
920
-523
956
-77
102
416
-463
985
264
509
-629
-593
219
585
-44
723
156
814
656
-321
-721
226
-371
368
-817
-959
-176
-910
-609
91
416
37 906
-72
-210
-774
901
-115
-789
164
951
-861
128
169
724
-916
-551
-120
455
-896
116
735
-113
303
102
71
-99
483
-282
-151
-870
-867
-284
698
-381
507
925
-481
949
693
1 381
832
48 964
113
-991
73
550
465
-266
-335
199
622
525
858
-751
-575
-103
-33
274
28
-342
548
-718
277
54
764
353
2
456
-407
-543
-155
-38
81
958
-472
-846
507
993
-112
729
-252
-934
254
-395
-685
236
60
-160
-933
-913
20 329
927
-226
-775
691
684
-216
-297
-723
241
548
-204
-679
62
324
-968
-432
317
-522
855
622
44 441
-773
-583
901
-156
257
525
-512
-246
-304
-586
85
-79
662
-232
262
-635
-398
-498
470
398
-619
-468
-278
971
-343
596
-552
-489
217
-450
176
1
-33
-366
845
781
716
890
-466
-588
-696
176
-110
966
44 290
888
-454
769
358
501
-851
890
780
678
-897
375
683
-385
-851
-768
348
-293
-244
539
-448
-464
255
999
-373
224
-698
803
-887
826
304
823
270
407
592
-373
-93
298
-927
-313
-468
-823
619
-785
-208
12 424
697
-525
-682
236
-416
-589
-510
-418
39
714
-558
-602
19 203
702
-236
94
-335
913
722
573
-233
352
817
300
529
-8
72
878
-240
-367
132
-208
18 39
-67
-80
-143
72
959
-873
71
-644
68
-105
616
832
990
-720
744
268
410
-489
47 712
368
263
-782
-561
140
-465
72
-729
-116
581
-805
374
-943
-391
-998
-985
-264
74
929
805
526
101
193
72
-61
-506
-661
-652
-438
-927
132
930
336
-93
-632
-525
-1
-3
-696
883
-866
-501
-187
-809
109
-185
764
26 279
250
-237
-28
-650
514
-957
289
-993
941
195
-431
-987
-674
-502
349
233
-577
381
-769
-23
242
671
-331
299
-960
-583
41 393
-819
366
-699
431
687
-170
338
200
-127
-816
207
-630
379
333
-617
705
831
289
-506
811
-773
-718
-213
469
953
13
-676
550
431
-712
-596
612
212
-738
-401
-102
-351
494
655
80
678
45 629
56
751
391
-240
138
-321
-189
-52
-537
93
292
933
-398
-695
814
-849
293
-898
-887
-96
314
933
60
769
-418
-447
423
662
-769
841
-332
287
591
-942
605
-715
-705
973
233
-242
66
-919
-753
225
944
43 673
236
721
47
697
-409
-21
-244
-641
118
310
339
-664
98
-264
-438
942
884
-380
103
-832
-528
76
-42
-212
699
39
-408
-77
-460
-347
-701
776
931
-97
473
-479
883
786
-563
-443
-348
776
-549
29 871
13
249
-606
190
-649
-881
663
-16
77
-550
-318
674
42
606
-787
253
462
989
183
-635
18
262
805
-196
699
919
13
32
-631
23 358
-61
569
495
-871
477
614
792
-982
-752
799
-300
922
-160
863
-866
650
-118
680
-610
-196
-745
652
-835
28 198
-917
629
-619
-990
949
482
-51
74
-467
78
-892
-854
-574
-874
952
-776
-174
873
-378
-754
564
-729
128
-199
-339
489
56
-688
10 485
220
294
-143
158
304
-637
-804
811
437
-271
9 468
-567
-571
228
-616
-347
-946
815
275
858
3 202
-15
-822
765
34 694
635
684
-538
-589
-23
-123
569
839
240
323
206
-767
-949
651
336
-516
637
-437
-131
-710
-826
-317
122
-969
618
783
-427
797
548
-397
-413
-261
-714
-393
4 999
484
833
102
-720
8 667
-487
207
515
406
691
152
970
-884
27 527
-644
678
733
975
461
-695
328
-435
-91
915
-139
195
-922
568
-985
562
400
-326
842
-445
-462
913
319
611
318
-434
-681
18 328
318
-455
-404
-448
-723
-873
-988
-861
12
-423
48
-516
438
801
-438
-438
373
682
42 870
80
-926
-415
-8
-50
-805
868
516
-929
-289
313
389
256
910
942
90
594
511
230
-394
-912
835
90
83
192
209
646
-435
-110
165
-388
971
-204
-246
-38
746
-493
-614
-182
-422
98
-869
27 886
598
23
1
-252
-467
-770
354
-822
622
-1000
-181
-186
210
-536
379
657
186
548
627
982
859
-854
284
-635
-468
659
-499
38 268
-975
98
-56
48
-902
693
138
886
-397
317
64
-839
-865
878
-72
-844
-187
-416
342
918
769
-120
777
915
721
699
-997
379
-801
191
-274
782
-712
227
-171
944
-524
525
4 722
-159
-551
-202
-467
27 570
-311
-746
-691
588
730
-923
-976
506
549
745
-239
553
-320
-482
-700
-37
-701
-855
-810
-314
646
-334
-790
31
303
-392
37
48 847
-522
826
387
-267
693
-26
-538
327
-445
525
-567
857
843
986
-464
-640
843
500
-783
988
247
-97
633
913
-330
-780
-227
278
-186
-127
976
293
-744
362
583
506
893
602
-168
-996
-317
265
861
-475
-193
-604
-557
-794
5 353
-807
-744
563
383
727
23 35
-501
67
975
-71
-401
267
185
961
-594
-310
410
-993
80
414
-310
902
274
-228
-734
227
215
-528
-763
10 928
-507
-6
606
-781
-217
-234
-725
407
-260
205
24 404
947
523
970
-806
-68
534
-169
903
-777
-268
-267
-448
-445
961
325
-415
-803
-244
-192
-753
308
971
-976
648
41 990
55
33
61
-383
-847
8
-860
-878
202
-371
656
590
-911
436
-679
-178
546
-566
-218
-130
19
-464
626
384
-659
-67
354
-635
-419
648
-336
193
-763
283
810
949
-710
507
-930
49
694
23 46
783
-724
-484
-396
822
-493
-56
-752
526
37
875
-534
378
-193
378
743
-55
25
965
-863
-181
-196
948
10 338
11
-605
700
-296
236
895
-957
512
-590
-795
11 635
-294
139
-1000
743
-430
-533
-322
378
402
978
880
15 236
-983
-198
-698
522
127
-47
-468
522
-348
-206
-686
-454
-606
826
-486
22 206
-11
-138
-30
-11
-395
540
13
-160
-526
-586
-183
-646
-603
-684
-629
-243
-825
450
884
129
539
-38
38 230
276
885
-716
-342
-602
-117
-511
-56
303
459
490
908
-445
-940
-696
30
-969
-322
-59
-571
-6
312
-257
-273
-682
-817
856
857
145
193
747
978
77
-970
-365
32
-530
124
4 722
-861
466
237
-305
29 818
282
114
-781
-778
543
-230
91
843
497
409
-975
-91
265
-273
-898
11
-296
-264
-402
-103
769
69
-980
301
-159
718
-677
636
-588
14 83
251
-480
-48
473
620
280
-437
463
-667
972
45
243
-207
773
47 65
-967
638
960
-70
406
28
-492
-736
427
-775
-413
-381
-806
994
352
445
-487
862
-83
-868
141
37
152
474
8
-803
-727
801
527
175
162
560
-630
-321
-510
333
707
-2
597
-310
-220
-816
309
-26
735
-782
976
19 900
-551
494
220
486
-797
-750
-950
-600
-919
851
484
-187
-430
43
183
249
90
-484
-488
35 173
-240
-576
854
626
-45
588
844
-513
-51
923
-64
-557
-301
-579
-354
-50
-972
-397
-412
880
644
401
-994
-757
-416
-188
334
100
-119
-465
212
198
-483
-377
-176
21 859
-776
960
-283
705
-548
-283
-597
-569
-80
-90
-541
80
498
896
-277
-101
459
-34
40
828
857
5 507
-608
-92
464
-91
531
12 211
299
-931
454
-985
774
907
-711
-824
895
209
-356
-647
47 47
-751
-432
-403
708
91
194
536
-495
333
802
-103
-759
265
363
329
-333
-143
-373
-264
-689
-801
-934
775
-512
800
669
254
-557
-979
-344
-858
828
-219
-261
93
873
491
-815
935
-177
987
-612
-379
-192
751
951
475
9 207
768
-525
-666
834
-751
-621
634
918
191
36 677
847
776
324
-372
-928
-584
-943
563
-399
992
-615
-856
-621
7
-490
687
-486
542
851
-352
310
884
-18
-300
-868
-81
-667
608
-891
968
104
956
743
985
-417
815
9 45
-66
-884
746
320
819
-876
884
-672
368
18 442
-224
-398
-264
-341
142
437
-652
-940
327
956
-831
-149
-384
682
-406
-842
823
966
31 667
-100
-768
766
777
608
447
217
936
-628
171
363
148
330
-902
807
-529
535
-846
-912
-581
668
-743
270
841
497
421
999
319
-56
-886
-105
46 191
-783
177
512
665
-607
5
594
121
-633
-259
-550
-535
-896
-78
558
816
10
534
40
-175
-197
-119
879
-776
-121
197
168
-449
649
-432
-988
867
302
81
88
252
-915
-319
-628
-548
-21
-178
-525
83
301
590
16 651
123
496
-750
483
-624
-872
707
255
-118
-569
363
-470
-444
375
954
415
14 17
-334
-459
279
38
-449
-743
418
-417
340
-725
730
796
-857
-591
16 169
892
224
-479
156
-522
403
144
842
491
701
-227
444
115
229
-515
339
19 50
934
436
579
351
576
-82
627
305
-730
770
714
118
721
605
-659
-759
-240
-623
202
18 535
-308
162
-452
-865
834
335
-823
172
-781
499
106
655
77
-987
230
552
640
-909
14 896
805
-946
-756
-34
-604
-958
284
-670
244
-255
-895
493
464
-347
17 680
545
363
-974
764
-582
-311
418
495
-298
-796
-396
900
853
984
-577
214
-963
16 825
991
-734
21
-680
68
323
983
-440
-214
-364
746
640
738
-334
223
502
1 637
-524
20 391
-762
-703
628
-910
838
608
305
432
832
42
423
655
620
300
-278
-58
283
283
285
476
24 462
213
-192
705
-729
893
-270
-252
586
-99
-14
440
-915
-367
277
250
495
-292
-362
-464
688
-707
713
-12
15
42 30
-703
496
303
-560
978
-928
248
239
-656
-303
969
92
840
-573
635
279
-931
825
-445
320
320
264
958
413
-492
-750
126
496
-177
337
323
-323
-167
-818
117
-633
-745
-635
163
-401
-381
-312
44 770
115
-561
738
-258
-737
851
-939
583
114
576
-447
622
384
679
-325
-794
15
555
-117
405
738
558
772
550
480
-509
-852
-902
180
-47
-443
852
-51
853
-407
212
703
-789
-648
-627
345
-95
552
-272
38 260
-509
-288
339
-69
-883
76
-512
446
-375
968
938
-670
-934
-326
-160
-820
-475
789
590
119
-443
292
330
-534
665
-326
371
-226
-41
68
-443
450
781
896
939
898
-472
-574
41 523
952
-163
40
-983
68
437
755
594
225
345
-288
783
-807
599
-752
416
831
177
-811
-211
802
-254
797
582
-358
735
36
-273
718
937
438
669
-670
-966
243
399
472
-445
-8
-304
900
28 95
-908
-141
842
508
-754
-425
254
36
934
-1000
-611
516
-801
-877
-449
-74
398
-956
921
67
-625
956
867
331
427
-579
880
680
22 990
273
528
556
-329
35
803
-197
847
-605
-264
847
-216
-749
603
-536
-640
-915
862
-596
-994
-515
-664
2 622
224
-55
47 24
-819
-792
-758
11
736
356
682
-673
158
-959
-827
553
-222
577
-664
-414
-264
-200
-497
-178
-782
-92
-615
-739
-199
904
-830
-975
-595
-943
128
-414
-735
-72
155
558
-717
-164
443
-2
-122
173
-450
213
-693
-557
799
50 542
-698
422
18
-233
364
-164
125
267
6
-293
229
64
393
373
-114
-680
-473
-999
-840
-80
444
158
798
-827
708
10
-520
-850
-634
81
-493
-332
-498
525
-8
867
-639
-884
-310
-76
-176
477
988
-784
-151
-126
-464
376
-568
-747
13 918
411
651
606
-325
-783
-914
-618
-417
-276
-111
-192
-217
971
23 533
889
917
-103
-187
-260
931
-643
-487
-221
231
-394
712
220
-141
564
95
827
214
-742
-499
-11
902
-117
18 798
329
938
408
299
737
615
188
210
-932
558
507
999
915
-981
-666
-297
-818
-955
12 37
609
-425
-133
-620
-167
-75
369
-266
365
-503
359
-307
34 120
550
729
938
-706
-505
563
852
560
561
323
579
895
-975
762
497
949
-641
106
-920
-216
486
-87
709
-589
204
74
-92
-881
767
-100
-558
-127
-815
938
36 632
500
-425
797
-382
899
-67
-931
481
-306
567
429
-390
-771
66
394
272
536
103
683
-261
-824
-853
-142
500
-396
-142
931
-654
-205
97
-416
852
230
-620
-974
128
49 427
-392
564
220
595
732
449
-340
125
-280
-804
785
-598
-508
518
-894
-92
18
-289
766
-495
57
-883
602
198
526
-169
579
553
516
-552
649
-876
570
-132
276
301
874
493
983
-407
246
768
-5
739
285
101
-354
860
369
28 884
-574
643
524
624
168
912
-241
-280
428
-235
926
109
892
-650
942
-251
-777
434
-269
-627
-320
-945
-75
-582
-102
584
-379
-686
22 353
-764
-65
789
760
-884
-487
228
-125
-209
-345
197
-727
321
88
-376
262
394
-596
-304
-875
-665
-67
22 934
351
-808
-157
529
-493
796
232
-257
-713
20
-941
-597
90
287
-164
881
500
-968
-846
-623
-322
-665
12 787
-704
893
754
-369
-175
49
892
733
241
-266
-182
748
19 236
-953
-626
-374
-894
-223
716
-49
613
597
-993
203
308
-616
438
643
581
509
939
30
44 607
412
869
-539
-299
109
-248
519
-143
-161
125
-539
-230
308
-875
547
24
76
-283
-823
83
477
485
24
-86
-316
-838
980
-821
192
-201
-251
-396
-333
-233
-138
777
77
939
-810
473
63
-349
-758
-629
23 551
-48
409
620
129
-509
-347
-830
73
567
-589
235
547
-410
984
-655
-103
-413
13
221
7
-654
-703
-55
22 816
-993
187
569
936
964
-528
-113
372
-909
573
421
-255
300
-950
869
711
285
-28
859
-175
318
-245
21 983
533
977
-767
831
-79
-674
157
-72
513
-717
-579
33
-688
308
963
961
-562
-60
-738
738
-10
30 363
832
103
-136
-344
978
176
626
422
-292
602
212
-462
-478
538
253
8
51
93
429
641
405
-707
603
365
-269
-901
628
-531
-354
316
24 653
-582
896
-752
954
71
874
375
779
33
-413
875
112
-876
-316
677
-268
777
105
931
-262
399
90
660
687
1 848
713
27 668
-256
428
-865
-361
676
-912
267
106
20
46
-862
607
-523
-192
289
161
-516
578
-506
590
508
-211
-455
-845
-552
789
345
38 713
-263
452
-755
-836
587
-558
397
232
709
-497
-748
-689
-359
416
-212
449
-739
506
491
397
1000
80
-539
-655
182
-384
-206
-30
518
-914
-972
-745
95
-726
977
-761
-727
374
36 177
877
280
851
-926
-747
-805
81
-929
702
-429
468
258
208
487
604
947
-898
955
-527
621
598
-498
433
-308
-667
409
-512
-394
-661
517
-856
773
-647
552
848
-837
29 515
-765
6
56
260
-737
821
-254
424
767
-594
378
-761
-974
-468
-702
16
-218
-369
-576
270
-206
-679
-657
-61
-907
-746
-953
498
-583
48 369
-791
-200
-405
27
-379
-585
330
-956
739
736
-20
979
319
512
834
892
-707
-535
-684
121
-184
-806
464
312
-713
718
360
343
693
154
325
459
955
921
-515
-868
893
816
-824
632
108
-287
167
985
783
0
876
-925
46 496
-247
396
943
-783
-293
788
492
-934
-313
-259
221
-989
-800
-268
489
-315
-136
-61
-943
-403
-430
-277
-132
294
-293
-350
851
-861
-718
-570
889
36
826
388
-190
-468
-268
-699
-844
419
43
377
-12
243
666
-524
26 694
-28
100
-760
99
823
108
-608
-914
315
801
-775
598
-770
671
-367
613
59
443
-856
348
301
-700
-233
901
234
755
22 95
788
-815
-901
-683
285
-660
416
-336
5
809
-250
-680
166
-25
918
-47
-354
-893
-435
262
107
-734
4 62
-876
-67
-692
-85
31 262
372
590
-250
28
907
592
368
322
-745
931
-313
5
808
853
538
282
-638
-817
389
-73
2
-505
194
611
-541
-125
-899
-676
790
-655
-110
22 620
640
747
398
-211
114
-280
44
-399
-36
607
-592
-183
144
690
-264
-116
-365
664
886
-313
-586
53
35 355
154
471
78
57
918
797
-452
558
543
947
904
-787
-334
-496
-628
630
-890
-220
-997
-189
-973
-260
252
-338
961
-306
350
-626
305
-947
220
-985
524
-703
72
41 515
621
-444
-250
124
-541
-479
347
-37
-107
-24
-369
230
-463
-1
257
-166
-749
477
-649
-498
-174
-275
807
-564
502
823
960
799
-549
-42
7
629
71
314
-248
87
835
-902
608
-716
-368
4 985
-274
-206
886
117
26 925
468
105
745
750
-89
-820
251
-710
698
-394
-701
-788
613
928
284
-516
-320
928
876
-665
535
-840
-476
330
232
250
27 741
-634
-274
-964
391
388
781
140
857
962
-610
-854
216
-3
-555
428
-834
931
-289
-793
-833
-361
-917
-498
731
801
-416
61
22 81
-258
263
758
25
299
148
971
-363
846
827
-845
793
530
371
-211
533
-202
-487
463
67
-723
630
10 293
689
-7
-840
-728
611
-251
664
910
570
-22
27 850
683
-538
505
528
-712
660
321
818
-413
667
-93
-57
737
-631
-991
-986
556
-171
-626
-198
822
-908
74
-10
-602
-706
-544
7 154
-52
-607
-45
410
898
-961
255
25 634
-370
259
-416
537
-799
-680
464
-790
-666
19
39
-734
821
-582
916
-548
-35
-687
-697
421
-719
133
927
-769
645
37 463
684
-852
-200
-399
-665
617
185
429
818
62
-108
586
-46
912
-376
220
289
-401
135
298
564
5
602
-458
-157
-266
-532
74
-622
-82
-240
619
66
117
-781
-42
-267
21 396
-449
-977
279
-864
-23
-253
-683
754
594
-83
-555
-109
-963
450
-951
-864
851
-660
-839
-76
-282
17 374
-663
703
-199
-887
-339
534
75
48
642
-345
884
778
189
-369
-905
-58
782
43 691
-771
-837
-607
-721
-700
-757
-381
-539
-275
-105
98
-592
-211
-199
-234
-98
462
858
534
-934
499
746
950
-166
-66
-863
-71
876
919
55
-181
-852
218
213
985
75
13
-397
94
738
498
-809
704
7 796
-531
-254
-547
884
837
-924
383
48 351
-784
-484
-837
-298
950
640
314
-232
345
-469
538
329
164
-892
932
-743
846
-13
-552
106
-170
-2
133
133
451
16
-30
85
956
-448
111
729
-375
-169
988
-426
-973
301
-100
372
390
-563
-743
-447
-455
747
-190
949
46 163
54
120
813
-814
-747
-179
-240
223
906
-285
332
-427
-556
957
-39
-569
-469
-11
733
431
918
122
425
-825
232
528
922
599
33
-789
971
644
331
784
831
584
-839
-853
-637
624
-138
695
-804
306
209
157
14 917
-855
27
-716
-937
706
266
796
-506
-207
717
-908
826
928
-938
32 992
403
-586
957
121
-439
-681
-256
423
572
-60
-714
-663
655
581
634
357
-836
918
420
427
183
-228
921
534
-512
570
-84
973
189
943
-212
-408
30 639
713
-83
-380
-543
898
-809
-46
-817
-472
-392
321
719
966
485
193
-58
-89
934
715
-169
467
760
958
940
733
146
440
-923
295
353
20 739
-730
-2
22
725
-253
533
465
275
699
-215
-449
664
-731
744
-838
180
677
434
568
-300
28 571
-803
-517
-773
637
-440
523
-11
-62
-913
-184
936
109
-460
-318
-802
-996
515
897
-211
-935
117
-385
366
280
352
-400
-287
-524
8 906
-1000
497
947
786
133
-494
308
680
7 342
-505
-506
-940
-407
176
-742
-403
10 477
-56
870
-171
116
-207
-892
-532
393
-178
-56
43 444
-498
747
-768
-713
-564
-705
595
-885
297
-454
-389
791
-394
204
-477
-579
358
-672
-867
859
755
-37
-25
-453
71
443
940
450
944
-368
293
-555
936
82
-711
-629
377
441
-513
-770
987
-345
578
34 750
-899
-429
-670
987
-296
-811
741
224
-279
-712
853
-837
-773
302
664
-584
-849
-891
-649
233
956
-277
-833
397
-233
-603
383
422
976
533
-606
634
661
-276
12 242
-530
360
146
191
205
-2
-89
-10
857
-425
406
566
20 460
-202
-804
595
-35
593
-639
363
-467
340
-105
623
734
-472
283
-986
-853
204
-515
64
907
32 629
-539
-413
-184
876
-281
779
441
-483
93
-762
-287
-756
-239
864
-395
681
954
945
-425
576
235
103
-142
250
-193
619
735
428
526
-33
254
544
11 443
419
830
406
-141
-654
-945
-345
-383
-700
416
-963
37 329
991
-593
228
566
199
-670
981
-552
-306
156
-818
-879
-762
-293
-67
783
818
-441
201
205
522
618
108
578
830
725
435
245
319
897
898
309
861
125
-569
60
12
23 506
706
125
-195
384
363
512
-684
-298
329
-567
904
-467
955
78
642
89
-93
-77
-477
709
800
978
606
25 954
-713
-346
-989
-144
-378
77
-882
304
882
502
-776
393
376
-74
-722
809
-171
-631
763
464
568
-148
-630
-953
-68
2 578
-534
-202
3 138
85
166
873
6 253
-494
616
-351
-613
-325
-127
22 229
799
173
859
-815
542
621
649
109
-971
577
156
-481
212
-440
-15
-990
72
-597
-348
-763
834
708
45 895
323
788
-716
998
-340
178
-953
-541
-650
463
-356
449
84
850
-886
-330
-17
-172
189
-805
388
732
763
-541
-866
972
-747
525
679
392
865
2
180
706
-444
397
-117
-396
856
-209
-934
-944
-761
-293
464
50 591
-554
182
681
-802
-431
412
961
-415
104
933
-605
-372
611
344
-951
-831
-920
755
-274
478
-805
-113
-110
-14
-490
-496
225
218
968
136
710
971
-683
390
-831
-557
-198
-871
-415
906
619
-463
-467
-213
882
-417
-44
519
895
239
6 764
-875
444
75
-364
948
858
24 939
-450
120
442
-132
-934
168
-132
-132
-145
11
-670
-527
548
-579
-183
-14
-439
774
-495
-545
12
58
-455
-305
25 812
331
-995
-409
-702
34
142
-25
-524
567
41
644
992
910
-945
2
-761
-471
-893
-783
346
-350
-222
-324
-288
234
19 821
336
941
386
-931
-172
392
-339
126
-575
803
-900
-542
369
141
660
-83
-393
715
920
30 905
584
-379
-296
791
400
380
-497
-810
-818
388
526
-878
-227
595
-50
722
-745
633
705
615
733
-838
-460
-569
379
458
38
-349
-66
442
25 793
621
155
865
20
-908
925
-233
-726
312
-708
955
-915
444
-96
807
257
-906
68
-129
384
-212
-31
815
-834
-574
44 177
-83
409
-174
-9
29
538
-145
606
630
-220
-628
462
-909
-779
416
734
666
877
98
-521
971
-835
350
355
-47
876
-274
-323
859
136
494
-225
-455
877
766
131
415
-822
-706
44
-42
-334
-495
-394
50 867
-660
668
798
438
-854
325
160
53
-321
-887
-71
406
-210
-213
-459
841
120
-357
718
-115
332
132
-380
626
733
135
-709
-762
742
-707
716
639
961
70
-367
-894
-605
793
160
-369
906
646
-964
-748
990
-865
-907
109
-222
811
46 820
-501
-829
292
-769
307
141
-974
-395
434
300
-757
395
927
-124
58
-679
-332
775
-47
-869
-23
-454
-617
-33
-319
-967
-925
17
401
627
-317
457
356
976
689
-338
116
272
267
-894
-872
67
58
-945
943
674
7 208
448
-114
856
-575
433
797
-51
36 876
24
-313
-212
-792
-72
-756
564
-97
490
-775
576
-238
49
239
-110
-885
-703
-498
615
971
-121
782
-25
322
195
-43
-246
-9
906
-575
-623
-70
-331
165
-305
597
46 83
-944
-101
-960
189
218
89
-572
666
-239
-718
-833
-625
810
-397
714
-216
926
-92
742
-764
899
204
-782
-724
691
-112
441
-615
-959
-593
-800
656
307
-760
-156
-919
-114
-171
747
647
-332
915
-979
-523
-483
736
27 488
-357
-883
-764
-901
321
-546
-625
12
-101
373
-46
-502
781
155
711
-356
395
-446
-275
-719
-59
-971
485
166
944
507
644
33 74
-538
-983
-1
-864
811
98
457
822
30
-975
-722
961
-20
-224
298
692
-514
942
86
-403
-777
-76
95
-748
-591
-739
753
473
462
771
-729
481
345
8 5
155
926
-370
-24
-488
-344
-189
-528
21 440
770
-116
630
268
527
785
49
-549
-121
301
-583
-303
-389
890
-842
-619
718
196
283
-456
-188
24 43
443
-30
-461
656
339
11
-152
-75
-662
732
-888
606
258
897
-346
266
-668
513
683
30
-877
129
-255
-939
17 629
344
391
-690
338
417
310
865
956
-35
203
-476
813
686
-581
101
798
582
49 339
794
182
583
306
-135
-831
-14
994
-85
-396
-603
-587
948
345
-720
-158
-239
591
-737
-726
-445
467
-645
926
-291
-226
-417
-937
-645
-501
314
706
682
-547
-432
-897
-377
554
654
95
-843
-950
65
662
395
345
-940
714
-65
47 770
48
348
900
-470
-944
-327
113
-881
-415
613
-10
-709
294
443
-141
-46
623
971
-393
-283
685
-342
339
-96
610
-316
-36
323
176
288
-133
781
-365
-234
-690
-752
439
-19
925
582
-407
-86
430
444
915
846
-603
49 569
4
812
58
219
150
962
-171
391
-75
709
-433
771
-424
905
-595
342
-785
-789
-662
-247
-865
920
-97
-393
349
-654
-479
194
-700
615
-433
-139
-17
625
-920
691
143
-534
81
-933
732
205
838
-693
110
801
207
-118
-989
12 646
704
21
-463
-690
927
-560
-169
-323
-260
-997
244
158
3 373
-205
-324
568
21 906
636
-450
-481
30
-143
629
-170
-937
-933
-602
165
702
-898
-815
796
-588
-889
-765
-199
-211
-468
28 14
248
-96
573
-958
581
140
-139
-548
-668
411
-29
-80
-733
-400
307
889
-776
706
53
927
365
-204
279
334
-536
515
692
-190
26 934
-600
-592
-43
530
-549
-906
-331
312
-454
-441
-721
74
479
-897
231
-215
992
456
-953
-398
382
412
398
-340
-254
862
23 668
-328
-107
-953
-371
301
-439
-842
309
-788
-616
-823
-685
-57
-544
389
979
-440
-823
-236
-449
633
-189
-290
19 973
-893
-212
-917
527
-923
-923
756
-30
682
-616
828
800
-901
137
569
-960
314
884
-16
12 553
-38
888
-436
283
996
-804
-906
-294
-676
432
-187
112
11 956
189
149
652
716
-169
593
101
-813
249
795
757
23 599
197
-727
993
584
-208
880
-853
-925
876
-657
727
-419
-333
158
-49
337
-771
-152
-475
378
-944
799
766
23 446
954
-102
-307
710
-813
358
-94
-983
351
-510
-190
-213
-363
-115
-781
-462
-832
-200
-238
326
309
-902
112
22 399
-511
770
980
-745
419
-122
-792
875
128
475
-939
-958
-620
637
-50
-573
-554
738
-378
-112
957
160
22 53
479
939
623
578
50
-107
759
96
-338
738
-92
-919
-828
-327
513
300
-853
131
-101
-915
-233
850
37 107
587
-309
658
100
408
-730
-29
-113
766
-850
-979
-628
43
780
469
706
74
934
344
246
-393
-144
-898
-689
987
-442
954
-246
-593
-977
524
551
-729
-261
-349
237
-434
15 202
-668
330
-856
-296
-628
481
730
-923
-446
221
-22
357
385
834
16
17 682
574
207
689
982
-213
-231
89
-385
508
297
852
632
-524
532
964
806
233
10 529
-287
512
370
-176
-268
-653
-820
-884
-819
-247
5 104
-673
-868
-196
866
-81
19 210
535
-362
809
-57
827
842
-525
790
647
708
571
-62
-579
82
-693
-198
814
-345
-17
9 719
293
-144
509
177
-12
870
-401
465
-1
40 230
194
-524
499
20
-683
974
-634
521
682
938
-542
660
19
-234
-539
-167
421
1
-681
371
852
-268
-121
28
278
-695
628
-258
304
-705
298
-945
-229
-204
75
88
-230
442
-392
-992
35 209
225
955
389
243
-213
-191
-756
-336
737
-905
-47
-828
-320
-770
-523
-693
-28
339
-398
827
394
-70
-377
-532
-983
-50
467
-818
-485
-598
249
740
-643
-363
-18
46 48
-217
365
-260
-565
876
-87
116
-895
-53
423
-365
-715
583
-982
679
-488
-359
705
-913
148
171
-731
663
574
75
402
931
713
942
-369
-727
-276
554
-430
160
429
483
-725
91
988
255
283
-728
-606
302
952
44 580
656
-449
-352
-617
-180
-690
514
896
270
1
165
211
633
438
492
-257
565
-349
729
-395
-517
-624
-408
296
660
-136
690
-482
-628
-847
575
-973
-296
-778
969
525
-910
482
-23
-83
-517
-859
685
673
43 1000
973
-300
385
701
305
868
634
897
163
-150
-682
-590
368
-310
-437
-57
-725
268
-278
-757
-651
-631
282
326
286
765
24
-30
437
-841
-854
-34
-584
88
-334
279
-488
858
-268
676
-293
50
-915
1 55
-795
23 889
473
-146
373
822
224
-346
-296
-934
-581
728
37
413
444
-260
-621
418
828
-398
-304
-661
-541
-15
572
24 291
214
-644
-110
420
-512
-538
-551
-101
392
-729
680
-955
-25
747
-536
-740
-217
435
704
80
814
121
-536
973
24 605
-568
-641
933
156
952
-297
69
-602
-878
557
-583
-871
-545
809
-600
-865
854
-68
439
-682
192
-779
753
-547
6 963
574
322
95
-52
682
84
4 151
797
-185
875
-135
32 120
-579
630
-875
-566
-5
-918
-874
-152
-428
565
-277
321
343
-968
774
-800
155
348
79
808
853
-240
-552
159
932
-755
531
806
-333
-700
359
-354
25 927
80
-519
-319
-237
329
253
-673
610
-869
227
642
905
-16
-646
252
-938
719
104
-621
-834
820
868
-589
-93
230
44 190
-854
282
-307
-255
-639
-269
426
-319
-940
-764
-435
227
-633
792
-132
829
-225
222
81
-606
-60
742
-670
-336
119
756
-368
-975
-458
268
233
-312
-451
483
-10
-90
-786
974
148
832
767
713
58
-867
14 967
962
836
-738
-401
787
-241
899
-883
423
17
430
-945
42
972
40 529
-783
873
-128
-236
-661
86
-263
488
-526
-497
200
89
-807
-739
-429
713
-904
-167
869
441
150
767
558
-428
-217
-456
-373
383
-928
508
214
847
380
-915
-389
276
-272
348
-237
-241
44 398
848
602
339
977
-129
435
-634
-260
-125
516
-494
990
-912
-153
-910
-728
-771
-837
780
0
567
-284
-357
-823
993
371
83
-688
688
-509
833
535
650
-272
68
-479
721
435
-182
-405
-50
324
-858
-405
14 647
-132
957
510
-796
-43
77
-79
600
254
-87
-473
894
225
-786
3 630
307
149
343
47 675
-380
809
-956
-227
-684
368
-85
-89
96
-739
336
52
772
541
566
-152
-982
165
659
-69
250
553
713
464
51
885
-230
-801
-215
145
426
405
-490
470
-823
-174
-605
-351
295
491
-89
-370
-901
-318
728
666
87
47 346
-255
-324
-921
855
947
101
-94
831
871
105
-828
-428
-912
578
83
115
312
909
510
962
203
-443
-128
391
-343
111
118
-678
-803
-579
-291
-58
97
-654
-646
-400
447
260
989
-126
922
-840
4
567
295
644
-318
14 750
-809
-432
-688
-694
-3
260
-37
-893
-623
-158
862
-202
551
-640
18 253
-286
610
-100
974
598
332
453
316
893
19
-390
536
258
217
-356
450
342
-487
42 410
773
-725
-998
708
117
864
-938
-333
-776
72
679
-505
-318
-865
-974
837
467
479
152
-84
-946
763
-549
313
-464
96
-681
879
609
632
774
-61
907
777
-354
23
197
-292
247
-22
781
-75
50 392
61
500
856
-916
-22
-435
1
-411
-673
9
902
-580
662
-780
856
-172
852
630
767
315
-37
-588
-663
-841
-323
142
138
-986
624
-389
-967
-759
668
447
884
-355
-989
-559
-209
896
450
-307
-685
112
-87
-829
940
-678
358
263
19 488
675
532
-964
909
-770
-269
924
854
342
514
653
-434
-40
536
211
-29
977
560
-134
43 550
182
-906
-278
-90
591
-399
825
-147
-762
702
-916
327
738
994
557
-531
917
410
368
-13
-381
935
948
-846
-298
-82
-870
-739
785
114
-930
-477
-235
-207
-10
914
394
-186
-234
189
-485
-592
-485
23 721
-929
836
875
39
-239
-139
658
-748
-192
370
-489
284
57
-227
-375
-830
-600
148
-507
-250
695
-594
-856
30 440
-110
-420
137
406
947
95
34
783
-474
630
-900
-55
-155
-648
753
-786
-137
-407
271
193
218
-1
594
923
49
-657
617
455
-956
682
14 252
-739
-122
898
766
530
-512
105
-944
676
205
1
-923
557
-690
38 386
-96
-324
-273
679
675
-680
602
-720
-780
218
735
823
-100
476
-243
-282
911
-789
-517
440
-744
145
53
489
-651
-947
566
463
922
414
-3
-618
-910
724
-940
322
-957
662
3 448
-563
-106
643
39 555
957
612
837
725
653
-166
982
-203
444
470
-296
498
-407
724
-24
-994
-280
358
654
-557
418
-24
-957
-363
-422
865
74
29
64
968
-44
21
136
-651
-255
-212
-260
-717
143
49 914
847
239
904
127
-786
467
848
572
121
-710
-454
-904
-666
183
-769
756
-744
260
-181
-777
773
840
360
-878
-858
705
-138
983
-153
-397
293
-750
842
196
378
-945
-337
-218
184
341
72
731
437
-37
-87
225
-725
-273
-959
37 26
815
-509
867
494
-810
129
913
-827
533
-484
466
341
-643
-781
-725
971
-561
57
-289
780
686
999
-227
-351
-88
998
-76
196
596
576
703
-33
625
127
-540
815
-745
32 903
345
-554
11
-315
-640
230
-40
-670
669
574
-401
5
260
-403
778
466
66
332
947
-739
-73
523
522
895
147
-352
912
-39
-540
842
-494
805
34 277
-953
-352
-697
7
-465
972
-862
134
-24
398
289
-690
-137
-646
642
-191
-384
-432
889
-863
-981
35
-658
932
554
-198
330
617
-837
618
133
-790
823
-7
3 81
-36
-87
-394
45 645
895
364
-270
-752
5
539
-579
130
-15
-885
150
-981
-543
-362
130
-184
968
-254
-463
142
436
-696
-479
-572
79
-564
-51
549
42
-998
416
-507
366
-855
-259
-630
242
-280
501
-774
-165
-793
803
-150
-155
40 284
-631
236
760
512
-328
-936
590
-343
-300
-975
607
807
-376
609
222
117
-25
-75
416
-98
724
-865
960
507
-30
-834
-134
377
-432
356
-400
-505
-408
917
-994
-179
538
596
35
796
10 640
602
803
808
-620
-523
-661
-138
893
-202
-415
15 37
649
-446
-519
-928
489
50
428
-912
545
577
562
108
955
100
-740
40 29
-4
188
-947
-644
-448
-567
-167
-552
-147
-275
247
-5
-691
-996
-356
-137
-958
-727
-649
92
701
997
-807
278
116
-142
-211
-785
-324
336
-333
672
-476
-723
-973
-367
-733
-140
82
120
1 669
-885
6 382
-684
872
932
-411
780
-419
39 188
-669
-319
-551
190
471
-779
423
-194
-555
94
-113
-278
-321
521
-11
96
-841
667
796
-956
339
246
934
655
-326
422
801
-546
-998
647
345
892
-672
794
81
356
-986
-940
719
13 199
-394
-262
390
684
284
-957
400
-50
839
444
-712
-359
-66
32 436
-645
300
327
916
-496
-329
807
-611
-979
-556
745
593
-496
20
609
215
626
-654
-838
-134
630
-795
823
-863
601
266
-575
799
-801
926
114
-888
35 736
-973
-157
-775
834
232
804
-723
-467
396
-662
554
-439
553
-264
-93
715
160
-906
477
-18
-769
-366
-752
-787
-567
-996
696
104
-884
-965
-341
-857
-122
-116
534
18 454
368
-800
641
706
754
-798
259
-510
-334
-470
650
-683
565
-369
-895
-802
-564
-681
40 639
572
293
-886
607
952
816
-958
-608
349
710
-363
-726
910
836
980
664
-963
-205
-847
-740
-117
360
-422
-553
548
-760
-798
985
-884
-609
983
689
241
654
-148
-251
469
-106
141
-625
49 470
-351
-930
614
-815
734
208
-19
444
25
864
-197
160
868
908
401
-931
892
517
-983
431
-238
-185
85
172
564
-447
623
-295
-515
784
-960
134
854
211
320
144
-582
858
-413
443
721
-53
-840
588
-146
561
214
-697
-366
28 442
-46
604
-182
-875
168
-71
748
430
414
531
470
-452
-59
-320
425
-916
-345
282
-329
655
-441
175
815
704
-971
-68
-83
-668
50 599
623
-480
-133
-559
-798
592
-73
950
21
-660
38
-510
-555
536
-273
870
621
-61
-292
849
-407
267
24
966
-473
-390
-103
2
-501
-980
-736
-879
-903
131
-881
-701
-278
46
807
300
-56
-156
347
389
-621
-927
-184
557
12
524
11 370
-652
987
128
-568
-404
-976
434
-348
603
699
-670
17 155
-993
1000
-334
53
806
966
554
-794
313
-57
-415
-57
759
700
956
-161
105
19 102
91
803
177
244
384
-390
453
-14
866
783
-314
-748
790
-758
-82
-600
-953
-560
954
48 832
-547
-605
-304
-789
-906
-792
-392
-244
-117
352
404
-758
-472
-796
626
-304
657
-831
-439
-3
-588
-187
-657
-346
288
-257
-742
729
-746
-489
38
-293
-537
291
-524
-885
499
84
-129
939
993
833
-820
-479
-964
364
217
251
40 737
-753
945
-852
-410
-402
436
-109
-144
-279
-298
-76
760
-34
-56
50
442
59
-894
-918
488
-956
-925
320
783
-847
-87
146
370
-837
-322
-296
-590
-821
-591
-442
-223
403
6
190
-877
27 609
440
-327
-386
-953
673
231
-847
755
-725
755
387
595
94
540
-493
-761
-534
-772
-83
-272
-362
96
-306
-247
430
-904
759
4 278
23
404
217
254
49 441
-74
-194
-469
-763
-362
-714
182
-768
-63
-279
-704
177
-255
-476
651
473
-280
-696
-834
30
291
821
-654
468
598
369
-572
-629
-378
-997
193
105
-634
281
-100
4
124
639
236
-939
-641
90
238
-339
171
-112
-867
448
-251
17 426
-960
678
-176
65
-168
750
493
-240
930
497
953
-409
863
-209
48
-133
915
20 331
976
-397
-251
213
264
478
659
-45
-75
-593
-188
-40
-996
-954
341
69
-565
-352
-438
195
24 314
-295
-275
921
496
774
-656
410
-541
-996
-57
-381
-690
713
884
345
371
-605
828
336
-236
-213
340
-633
686
39 315
-667
-472
997
-533
-857
-299
192
621
754
-35
966
164
-18
527
664
158
394
376
-402
-261
-253
-7
-434
640
757
-90
-464
681
-405
-498
-518
-515
-413
-964
-48
-270
-706
-856
909
44 574
874
-231
205
400
-568
-637
-650
808
-39
89
-889
512
655
308
-175
-878
845
-494
-726
904
-455
-240
-952
-419
712
-665
-124
413
-757
-519
637
-884
250
-159
73
239
-239
-19
-397
280
-931
-285
-209
282
45 888
404
424
679
678
-115
-776
995
-510
-638
264
-175
-205
-324
69
276
870
-258
-918
-289
373
321
29
-647
925
-692
980
-804
-344
261
776
830
-779
-243
65
457
199
-154
451
689
209
-286
-487
-997
-52
139
13 707
439
362
85
-632
-760
-886
-279
722
980
-300
918
-364
519
8 779
740
-994
87
196
205
934
-353
-550
33 927
-479
-298
866
217
539
-760
-345
-542
325
23
-302
-4
301
977
-24
559
451
169
77
-300
191
-627
-736
-723
570
26
768
774
477
-534
-309
998
169
21 776
-736
-646
427
-278
236
-994
-23
790
308
-47
-678
-134
-597
491
500
-339
-762
873
-75
-928
-1
11 777
-228
-16
864
21
-462
32
-308
310
-146
-397
-264
20 877
-701
-890
185
607
-380
507
-971
-419
-446
86
242
-208
-484
-834
-135
515
674
-738
845
-342
17 223
196
-285
114
-495
569
274
-202
-299
-331
98
-189
855
-739
432
-82
849
-988
12 870
-189
822
450
-23
-314
-478
-793
-52
-634
-135
74
-212
39 13
902
-877
-86
-268
-521
615
401
577
984
-188
395
415
731
243
-16
-240
735
795
-419
184
-672
-175
706
-908
773
629
-42
-597
-584
-867
749
875
-744
-338
-394
-265
835
-993
869
30 512
264
232
664
-494
773
-577
798
124
-438
-461
9
387
-756
101
159
431
616
120
847
749
-575
722
563
88
885
855
-78
892
724
-261
12 651
528
489
-393
-143
913
-595
538
-526
-56
-454
861
-255
49 601
-825
-180
253
580
-875
679
-142
688
-677
-258
100
-198
-809
-177
98
-984
367
-375
505
531
39
417
936
-424
448
-121
-321
-135
182
883
-1
357
-741
809
-64
-615
487
794
630
810
-464
-271
-389
-716
109
709
-700
-968
891
11 817
-514
-221
56
62
784
936
741
-794
117
181
205
44 796
13
-476
382
-943
-683
-431
424
-590
-145
593
-749
965
-142
-449
554
-251
-644
117
-208
-308
-827
855
-525
666
152
-319
-661
890
443
927
-113
-987
-550
-732
-930
-675
-163
494
-708
693
86
-456
214
502
47 314
-750
8
442
42
700
615
-547
733
-163
163
971
-267
-391
414
-341
496
427
-333
765
54
-8
-842
-896
-159
408
-252
385
-379
-751
-963
-54
-944
45
-613
-345
-698
559
-334
592
953
829
562
-315
-563
-468
344
934
1 747
255
39 580
-30
-769
401
-622
-21
-658
-444
-215
-621
59
-159
-18
446
496
-159
-439
-839
-568
-487
547
551
198
542
641
-901
32
156
667
844
283
784
-187
514
-259
191
-951
83
305
-166
43 273
675
-999
367
-273
-158
928
-554
-169
-559
993
-619
196
91
-979
-148
-878
-265
-481
966
-983
860
-221
88
-400
527
-306
683
-612
528
-298
-691
-241
-297
676
486
102
603
489
933
601
482
-686
-646
34 871
206
-748
-816
282
775
-799
141
-890
-154
741
195
540
-19
583
-376
240
892
383
501
567
-574
-398
-273
915
-465
885
-47
-594
-762
83
856
2
-108
-960
15 62
-759
425
-223
-355
-278
972
742
260
111
-634
-500
3
306
-1000
-874
25 383
-590
204
-306
853
714
100
-910
-204
-44
92
245
-4
-67
912
-206
-643
-755
-4
-364
774
-262
897
-116
104
954
26 489
511
128
256
670
538
-541
-636
-53
730
21
38
-917
534
687
328
-914
-381
-204
-562
-467
41
434
-273
-629
-829
-377
43 366
-867
-744
-201
644
384
-946
-130
-521
-930
-209
426
800
813
-980
440
-97
265
-232
-10
441
564
428
975
-838
-582
-742
-467
-410
-562
346
-21
-429
160
778
772
-457
389
-359
-421
459
-10
563
-184
7 11
-745
262
-596
23
809
846
-856
3 57
864
212
635
41 901
630
300
-663
-800
-541
673
529
-441
61
-831
-304
-480
-284
-742
-107
75
398
148
-663
803
729
703
205
430
-504
-862
293
265
330
246
-820
-41
-455
-483
-284
-439
747
-756
121
-192
971
30 421
-313
632
778
762
29
-518
656
-612
-790
-84
150
640
412
-155
-511
-767
-826
736
-587
-310
-720
-513
-37
-601
-766
207
520
-401
178
-107
4 125
-476
-182
-260
110
15 451
499
68
-131
-795
-736
838
51
-246
-930
-218
-511
-960
473
-674
-473
20 398
-682
200
802
-526
935
-749
515
356
-668
-668
653
443
190
606
-502
815
-526
-297
636
-689
15 556
939
-464
-565
979
566
-681
-937
558
-399
939
-686
961
-587
-752
769
25 205
-899
818
-186
544
7
977
-959
-622
-549
-699
-987
-681
-945
961
816
-852
953
794
714
829
414
-172
988
353
143
23 417
-52
273
250
-891
374
67
-520
-526
631
-544
-928
-992
-536
-626
580
-216
-571
97
-401
-866
49
950
405
24 459
-768
-135
831
-68
-631
153
881
642
-598
547
-427
470
-974
47
-343
-518
120
-777
-496
51
803
288
480
-101
43 480
505
-50
-425
-618
428
-193
-196
258
297
-270
-590
177
930
-630
-277
-498
397
-694
549
-947
-212
-775
-724
-151
276
-922
-864
-688
-466
137
483
-961
645
-943
979
72
-578
-660
888
719
70
-703
-548
36 304
-268
58
621
38
-836
675
383
-611
508
-768
223
144
926
92
678
63
-425
274
-736
-811
253
-107
-832
150
-663
887
-781
-365
896
-224
-584
-373
834
-963
665
998
4 270
945
-224
280
-276
29 29
816
155
825
948
-572
646
-863
238
-461
-695
-613
-124
750
-836
68
645
-503
485
-728
-670
79
937
886
-653
-459
387
123
821
-890
1 349
483
33 873
431
-818
-947
125
421
-851
430
365
-418
-264
529
208
-619
-975
-751
-790
914
328
704
356
675
-755
-258
-646
623
-591
397
-795
892
151
-387
322
334
39 298
-689
930
434
676
-932
-831
205
276
-893
-213
525
-683
-300
-591
579
-945
641
824
-646
996
446
-237
-51
652
-345
658
822
534
-452
602
538
-141
531
-29
-466
599
-303
296
-568
46 458
514
-764
-660
924
815
-604
564
638
-693
559
-359
71
-935
-708
283
723
671
-184
-730
272
911
129
-641
-119
220
515
136
-927
947
498
-844
461
734
-947
-59
549
-994
-496
-257
-686
621
384
385
686
233
-776
29 206
-403
235
732
-492
921
-910
-54
-303
163
-919
-230
109
136
-517
-874
-573
-463
67
976
-457
129
-725
-586
-251
217
356
992
-551
580
39 214
-823
748
-359
-758
225
-711
188
479
9
-173
-751
-883
520
-711
802
947
-617
-132
479
-73
997
755
-102
-698
-29
-746
-707
-23
834
-194
887
568
-890
-915
810
-108
932
-445
-629
34 999
-823
-386
-542
-977
-585
-595
-593
-159
884
-109
-163
195
789
-303
-835
-958
-453
143
877
-89
-414
444
21
-329
-189
471
-841
366
399
99
-696
133
714
-238
38 639
167
563
-474
-392
-547
364
803
-758
-940
526
842
-836
-775
718
75
-189
-281
-904
40
87
124
199
-548
-921
856
-687
212
126
-368
925
-189
357
488
338
965
498
-299
767
17 51
-151
139
-518
74
-587
558
443
-311
211
-518
776
892
238
785
971
93
-903
17 432
-270
-337
30
-914
708
925
608
206
-818
-69
-941
-943
781
198
-904
-146
612
34 35
-700
-579
-665
634
870
131
418
397
-777
516
-865
1000
803
-644
-414
446
-937
-490
53
-174
-751
984
-114
-694
764
-917
-598
-825
252
614
-972
110
592
922
28 992
52
-840
-142
-168
233
-449
-612
35
-93
-26
-963
-473
41
90
354
290
-369
-761
596
952
880
556
-874
132
169
713
799
-240
30 511
-779
-315
-742
-363
517
492
188
906
-917
652
-564
-879
-822
35
-232
89
882
399
-115
35
351
-235
-410
34
454
759
-254
252
-482
-621
2 484
-379
608
24 423
-344
679
158
-260
330
151
-582
65
-815
186
712
625
-415
-404
-341
493
361
249
-474
-629
-436
273
623
82
21 310
379
388
-863
-688
83
-650
548
798
90
-566
-52
65
57
-309
-749
-232
873
-607
364
-469
886
49 100
-589
-347
901
241
834
-18
-550
-638
919
838
-944
788
-523
-593
336
-726
54
770
-221
-881
-617
27
928
151
-101
878
-928
430
320
-646
-677
731
7
-777
-471
-603
-237
-21
-240
-319
-627
-627
-975
-150
-220
361
-319
392
-312
25 226
-372
-956
-448
780
-57
987
852
931
306
763
-747
-407
-674
-966
122
-276
-203
-900
41
35
-970
414
-383
-120
752
11 864
-300
-777
-865
768
-592
737
877
-813
-764
863
596
30 547
358
978
761
685
569
-117
966
923
-460
6
-486
-429
977
131
8
285
-334
684
985
-554
819
309
-145
112
-258
42
348
-396
-805
72
18 694
-394
-353
-206
-826
87
-684
-904
627
-121
-390
755
-587
741
-680
698
965
-997
240
21 950
-895
265
-510
-152
865
838
9
-941
-91
896
612
515
-458
964
246
629
837
-101
-188
-284
509
11 261
-193
-556
-617
-229
-553
623
181
383
286
-997
873
37 398
267
-301
927
734
-406
95
-195
-307
-385
-949
-679
-548
-50
134
168
-984
258
854
-620
702
-764
151
706
417
889
88
-298
892
-40
950
316
784
-352
242
517
-200
-663
37 911
-48
-627
372
-39
-120
-495
686
-104
320
539
276
-422
333
984
-717
-251
430
371
8
-122
888
-43
-806
671
162
-7
188
519
330
67
-431
840
-3
941
-643
877
-998
39 500
-121
582
163
457
-86
-296
740
220
-867
-333
-773
11
-446
-259
-238
782
461
756
-474
-21
-358
593
548
-962
-411
45
-604
-977
47
-561
-647
926
578
516
382
-508
-781
-322
712
36 423
497
-522
456
795
240
238
255
-448
321
-766
-248
-86
339
-210
60
-616
-257
83
-12
182
436
-86
-240
-491
853
-191
-715
-912
-923
-805
433
131
-327
-554
-74
470
23 227
580
-439
-586
-669
475
311
-322
-908
695
422
175
-318
-840
-389
153
-80
-323
-437
286
-38
-349
-79
-286
6 563
387
644
-23
-586
-116
158
37 297
129
-676
-523
-561
-441
-431
691
981
745
931
-859
913
-360
-382
-854
203
905
108
411
-175
823
-391
-124
-234
-748
411
-263
-306
-432
-270
-861
254
-389
-827
251
171
-257
48 30
-956
-572
-151
514
69
468
217
-729
-71
-676
240
754
704
406
-814
-973
658
154
-236
-649
279
52
-953
-467
220
-779
341
-610
-479
-719
99
-878
-290
948
193
779
-28
-591
607
901
-710
-597
211
552
809
-45
579
24
23 685
-68
388
-492
-463
478
729
-685
-182
676
-164
-344
-226
-485
366
-721
708
-299
-192
674
866
-291
964
826
40 357
635
-569
-350
-785
-460
-893
147
485
-385
684
-38
-657
556
780
-981
-609
-565
-650
-537
359
-814
728
617
-5
401
39
704
-78
-135
180
994
-944
169
-799
-729
709
-692
-25
-250
-520
41 31
-619
772
48
-600
721
40
-693
741
956
-506
469
130
46
-574
-832
-694
348
-410
43
342
-797
-789
100
-969
477
408
7
-774
445
-220
495
826
-892
-458
783
829
140
-910
570
95
-859
23 696
187
21
951
493
-631
-460
-465
268
-699
-696
-633
-668
781
332
-104
-993
-224
676
59
-841
785
602
942
19 997
589
-261
393
730
334
175
-527
913
125
523
-719
222
616
106
523
920
30
856
700
36 906
264
-306
985
-677
-147
769
482
-648
-62
780
941
235
172
671
-875
-654
701
-963
28
224
876
-750
-161
-19
773
-242
-990
185
-986
929
494
279
-820
478
602
33
15 452
385
741
-138
-117
-468
591
-447
-342
495
811
-748
-478
34
-872
-228
10 900
-898
745
-766
-156
760
720
-663
38
900
815
30 966
-383
-164
875
916
698
-243
-553
-155
-133
-338
-661
-765
-85
-581
-174
-400
-252
-744
-177
-593
558
57
252
317
-666
589
912
-767
-39
-893
42 762
-57
-845
50
-803
-531
55
-400
-106
717
-504
129
-812
-85
955
-655
664
768
169
628
326
783
-121
-801
-884
-975
-889
908
-14
776
-370
-880
-724
-215
-272
-527
-188
783
-370
706
499
127
-166
29 858
-655
590
262
-887
-685
-553
-4
-902
326
195
772
351
306
679
894
-361
-691
572
-85
-349
-701
-55
463
-919
576
-275
137
-298
116
22 867
462
529
120
132
844
567
-873
942
-551
-121
271
358
-815
-51
-192
-619
-185
-621
296
467
-765
-760
49 852
373
212
11
632
-673
-51
490
346
-523
-834
-523
-679
290
-839
820
739
41
90
-347
-217
597
462
164
-589
841
-984
435
-924
814
922
950
187
-310
-483
-182
-426
467
865
921
944
-970
955
822
320
674
642
-384
-286
-712
15 881
442
-270
-783
854
-872
-767
288
762
604
-234
268
-210
456
786
166
36 363
30
508
195
61
19
-426
938
-308
-785
-447
-37
-940
823
-984
503
-891
791
-87
795
581
-800
556
185
-476
-619
975
980
-834
140
567
-25
728
-369
727
-212
208
19 659
900
-928
-164
-580
691
-785
-564
193
-676
-773
663
677
808
420
232
-8
944
170
-476
28 625
664
-396
868
-52
236
595
293
-1000
895
576
900
968
-589
877
658
-817
-687
-593
-936
-460
-931
741
905
46
-470
-103
-10
700
8 400
-407
-359
74
-540
590
867
612
-561
24 78
-986
324
31
983
200
-755
-835
70
-791
-770
610
836
971
72
-119
-500
526
428
758
-497
898
-650
-299
-471
27 993
-605
980
-713
820
43
-699
143
631
-716
900
433
-994
-30
199
-764
-864
34
765
208
472
-736
-710
-100
579
-207
-646
486
43 686
854
-101
279
390
186
-345
990
45
798
177
-114
254
-834
-108
-777
365
129
-640
956
-550
125
427
-286
-27
884
851
766
-762
336
-183
121
-254
274
957
693
-984
-389
682
61
966
-585
504
220
1 432
0
48 189
-83
458
532
-958
-115
803
15
-232
653
-663
-437
-454
-288
685
292
986
198
-15
559
810
-777
-823
775
-804
681
-449
-223
634
552
-720
-728
-532
738
804
-933
-821
164
-361
-495
-627
-466
68
-81
246
-248
769
-212
951
12 87
317
-467
-920
-352
-271
762
200
64
395
-692
344
668
28 698
28
-599
-625
749
40
-120
-878
574
948
-402
-624
-743
924
-279
765
-767
-375
81
-676
-295
286
53
-534
-958
674
419
-650
-426
23 559
213
228
-358
145
-23
682
-976
-344
-187
972
254
-254
786
178
25
550
-32
650
-813
292
-646
31
903
34 195
576
354
-19
708
554
665
-523
-219
864
622
758
102
646
-587
472
174
225
-782
-40
960
243
-934
-516
-551
812
777
-197
-158
236
-262
472
-189
649
-548
46 284
674
-448
984
537
-827
298
-361
819
712
-890
-450
-507
886
67
-991
-315
133
-507
134
-56
827
495
343
62
-768
-185
431
882
267
506
83
-502
-942
-377
-966
789
922
-770
165
190
-659
715
683
784
-219
249
43 781
742
603
-585
569
97
758
-370
330
-871
-940
-232
-46
124
408
452
182
-969
486
-30
953
274
692
142
615
406
-619
-45
-814
630
424
658
-72
27
630
-504
-877
-56
-316
10
74
-699
335
-973
33 879
479
-837
-669
-479
-309
841
795
940
-18
-34
346
-80
922
89
-894
345
-697
34
929
933
88
610
-123
329
-824
508
630
512
92
-831
812
-430
-668
18 717
-420
540
-557
-923
-922
-34
423
-2
-113
-489
-339
790
-628
695
275
-696
-661
-116
34 590
61
803
-145
-871
-106
24
941
464
-87
197
670
51
-264
670
128
-186
-365
-450
369
80
-382
587
-574
-10
281
701
-148
621
-415
147
-155
203
-50
700
1 64
-277
26 199
194
-975
-466
-756
-239
-797
372
132
-605
479
-943
475
654
644
458
-799
-519
159
53
659
301
-801
-496
-497
149
761
7 425
-959
-780
415
235
-755
949
36
1 395
965
13 82
443
309
579
-347
-491
36
-146
-453
752
464
-794
52
664
15 176
-631
585
-54
-524
626
166
891
-583
-32
839
453
531
104
417
-218
3 879
-910
-657
70
34 631
924
-296
-312
388
-533
740
-392
-266
-148
-466
-682
798
11
502
-479
-99
919
489
-703
372
20
401
-212
359
-835
205
7
-492
832
163
888
755
867
-425
41 545
872
307
-376
-277
842
-500
-922
-591
-999
-844
310
477
202
164
-152
-779
-878
194
138
-713
956
-856
-204
787
307
-760
541
-269
-628
-760
-379
-757
104
-197
-476
-498
303
-398
-89
-139
-685
35 530
517
-58
-257
296
-379
937
-567
-91
892
-423
705
235
884
945
-668
-829
-684
-871
-207
-884
234
596
-360
736
-545
-201
-796
316
114
983
210
-812
-519
953
484
27 139
917
-989
337
-950
273
-429
934
-226
-539
663
-353
-410
-545
-237
824
-950
-39
117
-938
760
321
378
-569
-140
-856
-824
341
1 353
-557
41 939
-989
-120
183
284
8
-327
-943
469
-665
-296
-941
-653
25
440
955
986
-887
-984
302
434
-49
290
-707
96
466
192
193
-318
635
-265
372
647
172
-446
-513
-820
-215
-898
206
120
-637
45 458
388
-738
-21
-70
-625
-4
790
367
947
-364
217
42
660
-592
792
-659
601
-473
714
-196
699
825
291
436
-391
393
-358
287
757
21
-689
-299
283
290
632
216
843
-22
-418
790
614
356
-612
273
765
42 569
365
-736
-558
-832
520
-734
16
-44
-567
-591
155
277
723
-825
588
-577
16
-566
612
-769
-723
-411
-630
624
761
726
-989
33
47
749
762
969
-988
-797
-864
533
-973
-290
-955
-540
119
200
15 931
-68
-119
-179
948
-128
-567
736
-294
-421
-895
-671
-661
389
899
-70
29 90
-309
-596
660
-105
-903
192
-78
-193
-206
-61
483
994
-768
438
-518
-330
-741
-570
542
-751
723
806
-172
386
-866
-275
-226
590
655
9 179
-655
170
-104
-203
-175
645
719
632
-562
16 284
989
-554
-891
-530
116
926
-543
-785
-826
738
-980
-440
123
712
285
897
43 570
-338
-462
-159
390
-9
639
-786
-808
-86
403
-813
129
632
-825
132
299
-798
-752
224
-783
-980
-44
512
-960
73
-366
752
915
-913
53
-147
-694
148
251
696
-862
-111
910
-670
804
-130
-483
-511
43 977
621
800
-991
426
-419
784
446
94
295
486
-834
486
-205
-920
573
405
-510
879
-447
741
575
-309
-813
41
-421
991
911
96
-964
970
-97
657
326
-531
83
464
-748
-915
-443
104
129
-720
-411
17 913
-839
328
965
-961
881
263
171
-428
450
770
-292
-3
237
804
33
206
-737
39 796
-268
-114
996
-459
-28
-890
645
-900
-610
791
-977
866
509
-92
830
549
-211
92
-724
-82
-902
-955
626
95
283
-14
685
-955
-193
932
-866
539
-183
688
638
346
798
-161
446
41 312
26
610
-862
935
-3
244
-720
646
78
198
745
-320
-620
-604
963
366
-919
566
-828
570
700
269
944
387
-537
290
-259
302
-265
-514
489
762
653
185
253
-794
-572
533
853
63
-270
13 85
-333
993
263
590
631
-172
320
200
-472
-412
-299
472
-392
29 590
910
-275
-744
-44
-957
466
-860
296
673
-875
-615
525
189
115
-322
-68
339
-773
-806
-71
859
23
-752
-385
108
-607
316
-421
1
45 917
-533
589
-395
423
189
-929
563
-958
301
689
-573
-618
-566
100
60
366
-562
287
560
367
-298
-861
172
-125
247
565
-810
827
-878
54
-825
-410
-801
-662
570
-55
967
-310
-456
267
-622
-28
649
-188
629
4 460
-934
552
294
-9
38 974
-838
-314
-763
285
-567
-937
407
44
797
554
243
692
124
746
658
814
-711
-76
749
-182
-871
-883
-554
-606
852
-930
503
-298
61
-129
693
-220
557
931
622
548
551
29
41 58
-418
392
38
706
137
-748
519
-17
-267
-176
802
-138
-59
-753
-187
-208
-683
874
495
-65
-256
187
716
859
-326
337
406
-775
923
997
129
-495
388
725
768
-919
977
-156
65
-290
668
10 298
-391
-330
500
-42
-12
373
-991
923
674
197
4 864
871
-911
-949
653
49 29
-218
631
-7
-494
399
-368
-518
800
697
-251
24
-881
879
633
-211
-65
-852
334
-693
-843
-186
538
-89
-992
-816
-218
655
-765
992
224
841
-227
-146
-609
279
810
23
319
609
-724
-933
-367
953
503
823
-259
-563
528
-925
4 699
-554
397
-404
-989
27 928
667
816
-73
-553
657
700
301
605
-464
-332
-373
855
-724
-540
479
-534
-588
-18
847
153
-24
374
-215
278
-384
231
-326
50 450
-746
705
-534
627
-369
-87
-160
889
771
-556
982
-562
71
393
-728
88
-572
-262
500
-33
-859
-790
944
73
-448
221
689
784
452
-542
-417
263
-837
-394
-111
-649
519
730
797
-154
-827
335
285
-198
-273
557
890
156
852
-53
24 826
157
-935
-377
709
-157
869
49
852
-673
189
114
-953
795
561
956
-130
290
753
717
20
87
-442
379
372
16 302
-916
523
773
-794
73
-514
830
696
752
-771
122
-642
-919
449
104
-248
28 578
-688
8
-117
159
-683
-401
737
-38
157
-328
-667
-172
498
975
-649
-173
-820
-19
-130
567
-766
-378
354
356
-463
435
-196
641
17 112
654
614
-579
-463
-671
-704
-307
623
258
408
-705
148
-765
793
122
-857
-380
15 212
490
984
359
669
337
-729
763
-672
75
404
-929
-955
-386
242
-534
34 898
-681
402
194
134
-191
489
-719
-399
-161
-40
-698
16
377
-16
-938
360
-658
732
-304
-387
51
-419
245
-546
-348
-153
-374
452
-130
334
-420
190
-265
331
46 586
-180
-838
703
216
-321
-996
-769
-945
-12
851
-28
-113
139
225
57
-810
806
859
-799
-985
-295
-173
467
575
-839
-954
-236
-104
377
-355
998
754
-193
700
-474
486
261
-243
99
-752
-835
-930
-308
304
296
749
40 809
607
696
116
869
-478
-861
443
-760
-815
765
137
120
-591
-309
-127
-227
948
400
-742
208
714
357
456
879
-15
705
183
-720
453
-324
-62
-384
929
612
-516
-549
751
927
-309
937
42 666
56
657
633
486
-571
580
-115
-755
-213
-844
159
800
-966
-857
504
-226
981
-487
8
-81
129
-64
-470
613
-56
-720
97
193
774
-656
-866
-614
559
768
873
545
347
-686
790
692
-530
-51
13 227
-351
-448
-164
-370
65
401
106
752
-663
636
364
281
473
26 538
-196
-638
-835
190
478
933
62
22
279
377
-631
-473
847
-125
576
466
524
-873
860
711
-251
260
-184
-500
597
-992
44 893
482
439
-978
-715
358
-813
32
-608
-881
-906
415
-44
471
784
483
-126
-342
58
898
739
-258
757
450
49
16
-735
549
-830
-726
-473
-838
313
967
-816
155
-119
930
-814
274
-952
-720
-755
-439
308
40 731
740
-757
-341
637
539
-41
-50
-12
-993
523
-189
113
693
85
641
412
955
164
154
109
602
83
295
-125
-312
133
-323
250
998
-738
-149
737
-938
67
-70
602
-975
437
-854
590
10 397
-740
-791
-959
458
179
996
-379
-668
-339
780
16 38
-788
-898
-354
-111
-91
-800
152
760
495
-229
-173
-576
-628
-591
419
-481
26 151
33
374
-856
75
-169
323
-373
9
655
-154
-212
-374
-641
0
-714
-438
447
195
-238
-402
-488
-744
-74
-104
-762
299
37 924
375
-582
592
-593
349
736
39
-821
-384
224
188
828
627
977
-989
986
-467
-703
-453
980
49
309
-866
118
566
61
-987
361
917
-567
17
-152
-592
-835
-188
758
458
28 605
-927
-811
125
902
816
-342
470
801
-252
324
905
-715
930
-230
977
48
893
37
-382
253
-490
51
-731
-85
460
992
728
217
45 286
153
523
-118
835
-19
-303
-951
-550
-946
-645
774
959
-360
704
-715
-384
-692
-822
211
-74
431
278
978
258
-807
437
249
478
-790
-302
-830
363
-779
52
-245
-241
306
-196
-233
-83
-284
-903
-568
356
358
12 167
666
-105
-260
-851
-674
-983
-874
584
-790
120
-611
688
24 421
415
-751
-134
-534
4
625
329
366
949
-755
-919
-954
-766
438
404
-48
-33
-373
847
264
-224
730
-162
-541
35 543
579
260
-707
-535
-653
709
-286
-230
732
719
-606
-382
-359
901
-580
-278
947
-345
717
-93
607
-760
91
10
504
424
-703
-658
883
167
-52
18
984
-202
483
1 474
-803
13 677
473
-391
971
-887
-491
-610
-165
-988
45
-891
-524
-792
-651
7 63
854
-9
73
753
-126
797
-743
10 512
55
-68
668
119
129
-675
-529
-842
-66
-559
41 568
-612
-337
12
-9
-228
488
199
-321
-388
975
-911
604
-396
842
-966
-599
656
483
-819
-290
-586
406
386
100
731
414
258
-779
855
86
221
801
307
790
-209
636
-165
990
-686
447
522
22 61
-875
359
84
-917
14
-876
-736
282
-462
228
-333
196
-485
-919
-990
-263
493
97
515
293
961
-138
36 478
697
631
25
143
-291
-15
751
-166
-656
-166
-525
358
-485
-704
-804
54
524
-136
-751
-961
-498
-741
-667
995
-87
848
-155
-570
-734
-515
584
963
-885
-835
-337
-176
31 883
216
51
-196
248
967
320
544
-838
-627
68
-417
-821
107
85
996
-3
-363
-534
-599
482
-104
-332
967
-964
-370
640
-799
-150
-980
-91
263
3 251
-933
-960
926
33 443
646
317
-791
-772
53
-127
314
-395
870
951
71
-730
-11
525
-62
-45
561
126
-849
320
976
730
786
-204
-478
745
-137
-880
228
807
705
-127
-320
48 904
290
-657
972
895
-788
922
-34
-518
-533
-510
-22
-20
608
661
131
-516
636
-140
-731
-569
-60
572
-149
60
-644
-786
-679
229
-106
792
887
-817
-866
416
-922
904
-106
-399
943
362
-352
-80
-659
-745
-420
29
-703
774
28 984
762
-614
695
-830
446
-950
-616
767
-164
-164
558
-720
-424
249
696
-789
152
-411
-188
-349
951
460
129
849
273
266
-122
570
33 353
693
-642
-290
388
-472
-845
438
-88
479
832
305
-407
-889
882
842
807
-908
-450
-605
-95
201
904
922
-671
752
194
596
-814
-680
-809
-490
-987
-451
33 930
-366
-68
-605
104
968
-774
-592
-440
895
-711
959
701
940
-492
654
-156
267
114
-678
153
-135
74
-252
52
394
-503
119
407
-397
-661
-636
238
-172
34 148
-204
-457
-251
356
-562
-404
315
696
-465
380
-94
-64
-354
-981
-185
357
-115
889
-896
494
283
-842
-388
-754
-238
-492
-389
1000
-106
-72
898
690
28
-797
32 587
-644
474
-281
-109
-589
625
384
-386
202
-801
971
-914
-913
633
137
-73
791
306
-269
-448
815
-101
-892
-292
384
-995
955
-589
767
-887
-8
-878
40 351
14
999
-551
955
-388
651
-847
-417
294
799
773
-570
-718
563
294
13
673
108
469
781
373
-148
344
-116
-179
110
-3
813
232
-859
80
803
-861
529
758
-691
-263
468
-551
-970
47 56
-982
106
341
312
676
13
977
145
-206
349
997
-863
790
-183
-196
-214
-814
593
-515
266
396
-819
-648
-290
-510
89
735
-504
119
-442
-726
137
221
616
-552
-547
-372
982
598
422
330
152
116
-324
526
477
20
7 604
505
-465
-535
686
-113
-268
734
28 226
787
-791
-419
-939
346
802
677
352
813
862
333
410
-159
-780
-882
957
-547
645
434
473
357
-940
-466
892
-475
-780
-664
-186
47 162
-163
297
635
419
358
-462
-223
-409
890
-411
-547
-221
557
294
-444
675
-193
-433
319
798
-961
-768
858
-426
682
940
-649
-983
-247
862
443
591
-285
78
-434
-927
616
-100
-779
62
47
-326
398
-397
525
512
-723
9 795
154
687
-883
386
545
-752
67
484
-401
33 280
-983
642
-58
-267
-281
508
-637
892
965
-416
-47
11
-184
908
614
-660
419
449
-771
497
-398
917
172
545
461
-23
-831
-499
134
-190
-705
151
-992
18 829
-273
-699
361
-825
824
946
-315
-166
-682
-407
-552
-785
569
454
-555
-377
613
919
27 967
-64
-672
-117
437
462
251
290
-830
259
-917
168
544
943
-471
719
766
-526
-596
-401
-651
-446
-396
-436
680
615
9
-698
37 926
654
942
420
540
-176
-143
-442
632
704
-272
-109
344
454
992
286
983
710
51
-987
671
208
-638
782
369
-74
462
-16
493
321
768
977
-468
709
397
-929
-910
811
16 555
514
-85
-831
-143
-632
-840
701
908
428
-692
921
98
516
-718
-563
-558
25 454
426
-743
-224
193
792
308
-541
188
-64
-451
-445
566
828
-932
-963
998
-518
963
-843
740
870
585
-952
347
-760
14 438
-766
563
951
690
-455
766
-535
296
557
331
755
-699
-734
861
27 846
688
-519
426
242
-480
-55
-43
-740
-629
-902
-692
718
-662
429
-97
-428
-8
-589
-739
94
734
-716
-611
290
615
701
148
36 174
-997
270
-637
-516
-748
605
4
-245
-439
264
126
-340
129
-599
-445
-442
-139
-315
107
272
-497
-800
5
-213
-853
852
959
405
-1
397
-477
-441
-334
-114
-400
-525
43 265
230
-391
-575
914
-174
555
-686
381
670
-268
623
-224
-996
-874
-467
-434
-530
-763
976
987
643
-469
383
-835
91
606
-392
691
-920
98
-148
-132
264
-165
-662
-911
947
-348
28
616
384
-350
949
7 275
-962
69
-639
-724
-399
-653
476
23 53
641
-778
-108
-752
471
-28
-97
-678
397
-833
-286
735
814
-340
944
-602
-725
-115
-394
781
387
-61
820
26 54
-905
-387
-239
571
746
-953
-232
525
-61
-427
-5
469
33
-125
-135
-243
146
-400
-429
807
-900
-31
-919
-15
575
420
20 476
239
-616
-515
-109
-2
247
-982
-700
-149
-214
825
791
-84
-623
-184
949
-191
681
-294
955
45 198
761
939
803
400
-520
-65
-181
-148
-437
615
-206
-395
-495
349
409
-477
649
-740
-134
473
608
339
407
-577
287
-785
661
550
728
499
-617
45
-6
744
-556
474
-765
-180
884
-645
-566
-766
-40
-504
583
7 328
231
-814
442
-740
794
-663
668
17 662
440
434
-269
167
-68
115
770
483
-142
-787
-486
-350
-409
-603
5
25
-812
15 693
771
891
-903
-442
-924
97
-182
870
434
-515
643
-385
483
77
347
8 119
-982
976
-394
-567
747
120
83
-663
41 633
-81
262
-949
998
32
500
653
590
576
-694
965
446
297
-993
-355
913
490
279
-184
253
-155
-166
229
8
267
-25
-873
-651
-131
201
994
345
-538
602
343
51
101
-448
-803
-323
-142
44 475
-846
726
-676
624
215
161
997
-532
563
-613
254
-430
654
786
-303
560
-789
898
110
556
917
-288
-545
-476
813
7
-722
-954
422
-561
726
577
-835
608
-243
-63
-232
-689
-38
888
-302
-785
-543
-648
37 995
469
769
-392
-421
325
-919
-152
780
-838
-783
-656
-560
-736
766
-564
547
-101
-842
154
657
96
479
525
615
366
-778
388
380
-869
-55
-910
601
-729
-745
737
596
-664
8 189
-945
-642
-167
-505
-821
-401
-68
727
46 376
-563
-289
743
917
-765
358
-161
-542
-255
777
-411
690
867
747
961
-878
40
113
-985
181
603
-929
97
-565
-434
276
34
498
2
-911
-855
440
-200
888
-87
-407
245
309
-392
990
85
197
237
-48
-499
-246
45 368
868
-354
-721
27
-726
376
462
-159
-792
-947
896
211
-858
598
-793
-501
486
-323
92
-713
986
700
835
-372
-546
71
137
-488
825
768
-948
249
971
889
-725
-755
-179
295
-357
30
348
-905
-760
47
694
5 61
179
-319
-805
23
-777
43 855
-149
463
928
545
975
310
-131
585
-885
-160
473
949
-358
-706
243
285
324
-853
380
121
194
-370
-318
-704
366
-80
-509
-611
143
501
246
552
-37
-269
96
-62
-960
966
-921
-845
-638
552
661
48 359
-97
846
-717
-393
-218
-39
801
413
643
655
-222
-438
703
-276
263
203
971
-186
724
-299
467
-782
-702
-11
-703
-990
351
849
672
912
-191
-869
757
92
-261
-461
-947
-904
509
253
751
844
373
454
-432
-365
-344
-905
49 205
-204
-528
-846
-349
462
-549
-782
-631
858
890
-719
-334
579
-963
315
-683
-867
-75
-587
199
-822
-836
43
551
175
611
743
831
706
-252
768
-942
-223
479
-734
796
931
-516
-835
788
932
-554
-990
510
-960
325
827
732
808
33 510
986
518
973
93
-308
140
-608
-477
-598
140
848
-983
474
-117
-717
270
-187
-232
435
-843
-744
438
-833
766
35
50
149
-234
-143
-55
254
-601
-537
37 301
155
924
-2
235
-675
695
-361
-657
168
523
-817
-563
893
-492
429
-950
-236
-577
775
-914
459
-619
235
-776
238
738
35
194
758
819
800
-531
742
-203
262
624
-509
17 754
660
-20
708
654
-570
-785
-360
-520
-463
63
812
-377
-479
-807
859
-697
-12
4 816
740
-90
156
539
13 791
894
-360
-922
-616
656
602
601
-365
-134
-188
-378
-361
452
39 335
-486
-529
799
-407
-336
214
-104
209
-634
-767
-52
276
-53
-956
-788
401
938
-591
36
879
-936
-362
37
-743
61
849
-121
700
300
539
-125
371
567
-769
964
788
445
-141
-4
42 131
502
-799
154
546
-587
-446
483
-620
148
361
-999
343
-603
-742
-597
803
-305
-897
-341
791
-465
-970
357
-677
994
144
769
-590
-861
137
-383
641
-105
771
186
309
882
-775
246
29
144
247
49 872
63
-668
-99
758
993
117
548
-473
147
-539
-592
-302
605
-824
-335
301
-130
282
-58
765
-391
685
-370
-953
468
433
-366
-389
-320
-438
266
743
-106
724
57
-114
-159
-839
-29
545
-378
379
-758
-774
112
-536
84
539
303
46 659
912
268
48
517
-265
-520
-850
-97
160
-288
726
-541
607
450
73
-951
848
234
20
392
413
956
192
196
67
656
-720
-838
-484
-695
23
985
130
-930
501
865
-450
208
-676
711
921
-950
727
84
57
-200
2 163
-967
711
23 360
223
44
-801
-710
-743
-521
-548
-227
-658
32
-686
472
102
816
-106
210
23
-225
-80
-500
-175
-797
141
11 433
832
-658
-406
99
-805
598
-679
-204
354
-832
53
11 592
383
733
210
698
204
870
70
655
79
650
-570
20 49
-188
759
-152
-749
-681
-321
-850
-530
778
-655
625
657
-301
-22
825
309
-632
560
-308
-900
13 846
-138
-804
-427
-484
275
-778
-497
-170
930
-127
-855
-222
124
42 120
274
-509
-208
177
-885
-552
876
-349
830
184
19
390
433
-323
717
-64
539
913
509
612
187
289
673
574
218
-455
719
996
226
741
10
-944
789
359
233
462
364
-335
-888
193
407
-312
17 935
365
856
-110
-540
768
-602
-928
-46
687
302
-916
-538
847
361
-986
72
-342
45 404
-554
940
919
908
303
-860
577
-504
104
-735
-365
501
187
-509
-610
648
-742
-655
720
-230
590
-422
-146
-949
-576
-786
623
53
-571
-796
738
-124
-857
213
-660
447
354
918
943
-986
740
-866
515
-74
-375
28 510
-559
365
850
211
-46
-573
622
-438
-592
394
742
461
823
946
199
-745
-911
969
-847
536
322
628
35
337
367
169
-592
850
48 372
981
793
-208
387
-440
303
372
739
422
780
-311
163
-202
-488
109
554
-676
-245
522
-523
-710
-599
-896
-118
295
28
-950
260
-122
-41
-313
-142
-692
36
-756
-132
896
616
-836
-126
-47
-147
-963
751
-78
-297
304
-196
3 375
281
305
-217
30 241
-923
971
794
338
-595
-247
582
263
61
-382
65
487
-930
-763
208
-55
190
-940
-461
-503
-460
242
801
344
-744
-817
-819
561
-477
124
9 502
-348
540
939
57
850
520
-680
-89
695
22 699
766
179
162
-733
927
-221
-194
-577
319
-953
782
-781
-697
522
-599
864
-956
82
167
-355
734
-737
23 694
-887
661
-332
-419
-88
610
-465
-766
-655
254
-499
-729
-968
307
-305
-91
-89
-524
128
214
555
529
-366
34 373
358
-756
902
622
-616
-308
735
602
-83
-685
-486
-474
-593
-252
-571
661
250
-300
693
-887
-48
-842
25
-15
287
-762
-461
-628
-570
-862
-460
788
-618
-558
5 169
-309
-300
483
609
-428
21 787
-21
-699
-880
-361
108
-622
890
222
330
-953
-754
-685
-109
-959
-589
264
-972
-451
804
374
-512
40 37
-188
-506
-403
-706
660
169
848
351
-852
706
29
-656
-186
407
791
-965
-264
396
839
-392
-714
437
20
107
466
569
-532
-161
615
-730
178
984
-679
332
835
981
-499
682
332
-794
35 107
-893
758
767
899
350
-941
-149
188
-775
-306
-818
245
802
648
-630
827
-957
985
-904
-222
525
-582
-890
359
956
-389
40
287
-183
985
204
-76
299
-473
-621
10 214
-213
394
-631
482
576
614
-160
-220
541
-334
40 666
-681
602
-393
-706
712
967
-750
880
-437
94
-747
-896
-702
-266
404
-618
114
610
-474
458
-440
-548
-61
694
-935
336
-527
164
559
-146
-754
879
-545
-590
730
724
-624
537
603
-60
20 763
-399
-514
-854
562
-575
-183
171
-48
-725
732
404
214
425
27
-893
455
748
666
-692
551
23 711
961
-169
-957
-663
925
203
-166
-445
-385
-8
-402
-681
-446
24
136
725
533
411
13
-507
-818
995
77
7 486
-176
955
758
-626
-387
636
-665
4 760
-771
-75
-561
-380
4 79
612
636
-70
-835
42 996
448
749
477
-540
-758
659
-545
319
505
462
701
460
-224
-926
630
-589
967
-370
648
753
555
-914
-628
-408
-746
542
786
185
707
-556
-192
154
751
842
172
993
58
627
311
-438
-355
11
29 825
-357
208
833
-834
838
480
920
-50
123
849
542
377
390
327
-882
-346
329
-74
808
79
-675
-464
-372
383
-838
496
945
-193
-936
27 522
-293
-712
618
-570
-874
-346
-651
-367
777
756
-826
-290
145
59
-171
356
945
312
164
-420
194
700
208
-424
420
-297
-922
29 292
159
569
31
4
-257
462
-313
397
368
320
-270
123
52
441
826
-890
827
181
612
-305
902
-809
890
159
399
-978
-865
659
658
49 244
-627
45
457
378
345
-525
622
-701
844
-58
29
-477
994
-974
906
661
410
87
272
663
-455
20
109
261
-582
131
396
634
-654
-128
-941
-281
474
74
654
-182
106
276
117
-494
775
704
30
768
287
-65
-15
-303
579
1 64
682
41 141
-58
251
-845
896
-116
-942
-676
-499
-665
355
132
989
730
795
-179
-596
-699
-405
-893
331
920
394
823
-96
648
-41
-283
564
-360
993
31
139
-200
-256
-409
242
-198
-85
300
137
-731
44 421
557
783
61
961
-917
657
-933
-29
133
18
-206
-963
-777
753
-246
787
950
-696
-625
-355
-339
119
237
903
478
709
202
-385
536
190
-145
92
-27
916
52
-387
129
-324
585
-738
251
-622
857
474
12 715
-182
194
-972
193
839
-310
-689
-368
-408
346
899
352
36 349
-902
-628
-918
-372
-712
-309
242
417
-76
-174
679
-826
-239
92
206
-552
260
-977
199
288
-227
-406
978
-359
-216
-873
987
-318
36
505
673
134
877
755
320
-836
39 848
139
-74
387
-626
100
-853
467
863
-848
-274
443
351
571
-785
502
106
-587
-715
233
-600
-33
826
905
-361
-484
781
951
836
503
953
-604
-359
-122
340
-428
536
44
-962
-45
11 773
-602
-897
893
-830
606
-2
-416
891
788
-459
-585
30 254
-389
686
783
-438
522
285
-486
918
483
-50
-185
-945
-515
859
651
440
55
973
395
-285
422
123
878
977
264
769
321
805
741
-510
34 20
-825
-969
-530
697
-126
-458
172
914
492
987
969
534
845
620
-27
-544
149
926
-271
-430
-395
-394
-454
869
932
867
673
672
914
479
581
-912
67
-950
12 1000
-408
-486
855
-917
-943
380
617
902
-444
-853
916
705
43 170
832
-766
250
935
660
182
358
332
-590
271
-633
991
360
434
-959
-741
-68
-810
-227
-657
-726
-170
280
448
-712
837
152
761
98
-219
962
-513
15
212
-579
-769
951
780
120
918
-393
487
909
43 184
507
783
-33
697
-888
310
528
-58
-854
-24
-212
983
-873
-452
-362
-91
-490
125
481
279
103
270
-214
-561
-611
-297
47
877
-832
-873
-646
675
911
321
372
-978
-813
-101
-478
-667
432
310
874
21 590
-932
-975
482
193
63
-683
853
-668
103
-708
-278
364
339
-845
532
466
-934
207
-67
-56
-865
21 505
-409
35
21
-977
902
-549
140
316
-481
-278
-645
269
342
-328
122
232
776
-29
511
-304
867
36 835
-111
732
-9
823
-768
126
-665
-80
275
370
941
-145
271
950
995
-857
-975
-727
-502
-148
615
-272
531
-597
-940
-499
914
-244
-633
136
-17
256
-133
975
-365
-344
13 718
576
932
897
74
-657
-276
23
895
-575
-395
-833
-520
457
47 566
-13
743
268
45
214
-977
412
-651
-436
-775
-226
-462
-140
430
-248
388
6
-759
284
-921
-416
566
-341
-521
991
-179
-797
-530
-722
100
236
-178
-600
-497
868
614
-473
-164
963
91
61
-264
186
922
724
495
309
24 1
-851
-635
878
272
-419
-644
262
402
-884
290
237
217
-475
-941
617
-415
927
230
-331
-238
-251
317
381
486
7 199
-234
555
-833
495
290
874
417
29 586
555
80
965
-44
-246
-189
-807
971
-107
810
144
479
293
-627
705
612
-321
22
-8
722
81
851
-513
-365
-983
539
483
449
-45
26 286
-491
-156
673
23
598
-516
-227
568
-66
-418
-732
970
875
-359
675
43
-123
-304
-965
-401
334
886
86
970
461
-375
11 665
580
215
-383
647
-942
-711
-331
656
-670
-1
-220
15 735
48
-209
12
246
-535
-946
-877
-282
647
-278
-948
533
365
579
-450
5 323
16
127
359
190
-670
17 976
-444
-370
-76
555
411
746
-308
-985
-464
704
262
-441
315
-58
-166
-38
221
8 25
-415
-979
-842
-868
-835
174
259
525
12 632
-58
-44
-856
129
880
699
-461
625
-610
-888
719
651
36 813
-478
873
-332
41
-350
112
-351
-208
-310
-193
-76
-587
538
-818
938
458
328
-564
-586
29
565
851
-716
662
476
-769
774
-249
439
-296
-415
962
-867
-190
2
-660
4 289
132
727
-985
-944
1 530
796
49 899
-319
-488
-18
710
634
-167
552
295
866
783
68
-827
222
329
-242
-260
19
125
299
359
-396
-50
-952
888
-477
-896
-974
-924
900
-898
-356
-420
-829
184
848
805
-984
399
100
439
-262
725
612
960
-389
927
-301
630
51
29 326
212
-495
-406
99
28
-745
125
-339
712
-216
-137
850
-488
-954
697
-683
620
-348
-26
-385
390
-745
-774
-93
-134
710
606
-947
-240
50 601
530
224
-693
-815
809
-438
-132
-973
831
652
-110
680
722
-64
-67
-962
-888
585
-431
-273
-25
-619
-490
882
-195
-781
44
-142
-464
763
-429
-935
-457
-565
-749
-649
-3
119
-622
-173
-673
-175
-936
-952
318
-3
644
430
-418
770
1 610
-849
7 573
-44
-558
153
371
-21
-85
499
14 972
934
-148
367
-513
528
302
-129
413
-873
-65
461
445
933
-338
10 809
-569
-412
185
-861
-188
737
-348
254
-111
580
44 191
78
-166
-624
-432
243
743
55
-229
45
927
-817
172
-139
201
-827
-650
420
-395
-579
409
194
606
548
563
-101
758
-184
346
337
-394
-293
973
440
83
-460
-318
-174
596
10
428
79
-250
-844
497
39 182
848
-72
-65
-732
-664
686
432
442
248
-670
199
-937
676
-465
-331
940
-493
666
23
48
906
406
-800
-528
-167
279
-220
-454
-225
-712
-125
-821
216
367
-995
110
52
437
-449
31 94
307
921
-443
399
-854
-504
907
813
76
-489
275
-962
-732
747
-572
547
-474
-26
879
-629
407
616
145
-227
621
-746
826
57
-638
682
938
1 667
-949
41 46
-452
-470
118
181
-402
950
-223
-134
253
205
970
337
-821
406
708
586
21
-148
916
-359
-337
741
255
-418
423
192
808
-419
244
-568
887
349
-481
-439
-914
118
-490
-137
541
764
626
50 859
805
-527
-636
-53
494
-226
-138
-866
-6
-840
-54
577
140
695
-59
721
-505
373
165
401
450
726
488
-433
-764
908
665
557
533
-268
-787
-106
205
-423
398
-302
-92
-740
-611
903
978
335
36
117
-413
977
-606
82
350
559
7 733
285
528
-77
78
435
-413
-366
25 282
-596
419
-919
-19
-183
-220
447
-366
-274
349
-389
619
-616
285
-795
-640
236
287
267
-205
770
623
637
297
-898
43 704
-310
-95
-629
567
309
790
205
847
-837
985
293
-646
-732
-359
-478
887
-418
807
-909
-57
43
378
767
395
-295
390
31
559
492
302
405
739
-794
776
-138
72
566
-933
-82
286
609
-789
641
41 484
-838
320
-8
970
411
492
-431
-654
258
964
51
-796
-449
-391
254
853
572
-8
616
347
412
-313
-531
479
605
756
-356
373
396
-922
783
558
398
-669
84
-191
823
210
155
-363
-270
12 661
281
-629
653
-310
500
-799
863
-153
613
-451
316
-352
44 644
293
84
-534
371
-577
582
-675
-689
-778
134
691
433
846
-672
-838
608
-273
1
537
937
248
36
-863
111
883
751
217
199
-602
-72
827
248
570
851
-825
550
432
-499
862
654
192
552
-357
38
12 130
-355
721
364
-819
657
-389
218
795
722
-343
545
-61
8 311
424
240
-695
-450
90
-520
-900
-479
32 27
732
731
70
933
-232
-493
-705
-30
-773
659
-291
885
-731
484
236
549
-860
-663
-956
554
394
468
-207
699
-982
440
737
676
961
832
194
249
39 963
181
887
-673
476
-143
-888
-309
566
554
-482
-394
-211
-934
-254
126
668
857
-481
-308
-794
776
-733
646
69
943
163
-100
136
-588
-538
-43
150
906
284
-817
-238
-47
-126
885
47 470
-510
-148
15
-206
535
-761
-350
612
-68
-143
387
199
-941
-545
142
223
355
835
192
374
-209
899
280
633
-919
599
-415
-487
41
-351
462
88
501
-966
882
36
-727
-911
-353
205
-497
591
-596
-881
603
103
342
31 661
-467
889
729
-568
-275
361
-930
-677
503
-860
-79
-849
603
-991
210
194
448
803
467
94
-994
-771
154
597
-367
274
-244
736
-385
270
-328
15 937
958
-305
440
-125
-235
764
-622
-537
-316
-914
-935
-750
-147
-184
699
32 891
-651
-339
-489
504
815
-299
-223
-873
994
392
398
-777
655
-888
-820
-651
553
56
-328
-127
-9
135
114
-366
-243
365
488
573
-380
-858
855
-31
2 702
-528
733
33 710
861
-382
-802
258
-602
853
-73
-422
-798
-521
191
-569
-91
739
566
-977
-627
-678
-55
861
895
122
560
306
648
921
229
678
654
411
-517
514
586
12 918
984
-909
255
-882
851
292
-133
-719
-800
-395
404
781
21 374
-718
-605
177
404
513
-961
52
433
-174
-714
-357
-764
-231
714
379
451
-959
-81
99
297
-406
4 899
461
-213
-655
-934
48 378
-842
473
-592
-446
-794
370
624
-755
979
56
71
-736
257
-136
33
-30
800
-960
12
-282
139
866
313
645
-990
-227
989
-645
-604
736
-519
-445
-235
-553
-334
-29
817
847
217
352
-541
845
616
716
-291
-352
-757
-492
19 576
-216
-58
-323
654
-856
-313
-574
-868
-401
-620
426
-362
-508
-810
-358
-285
162
-542
-439
36 148
20
780
-18
-707
-955
187
-464
-889
433
348
-548
-625
-976
-895
-481
-732
-912
-792
-576
-975
634
62
-483
382
704
-211
-900
719
-93
-965
85
485
372
-934
778
-25
9 690
-357
-757
218
95
-382
-201
200
-306
67
2 347
48
-129
6 340
-55
475
371
735
575
-353
47 817
289
-875
-904
356
460
71
-834
330
714
-591
-453
-635
-415
346
122
279
970
967
-819
18
-163
-725
-315
783
307
613
74
-561
817
715
606
106
398
702
-539
-586
-671
-816
745
600
-850
-709
965
-265
195
-357
-986
0 0

