5
1 102 2 62
1 128 3 127
1 144 4 80
1 102 4 101
2 62 3 61
2 100 4 80
2 88 5 82
3 79 4 90
3 87 5 100
4 110 5 99
3
1 30 2 10
1 10 3 30
2 40 3 10
3
1 30 2 0
1 10 3 0
2 40 3 10
3
2 40 3 10
1 30 2 10
1 10 3 30
4
1 50 2 0
1  0 3 25
1  0 4 25
2  0 3 25
2 50 4 0
3  0 4 150
10
1 97 2 20
1 50 3 70
1 51 4 86
1 49 5 91
1 87 6 76
1 27 7 20
1 130 8 64
1 20 9 103
1 31 10 11
2 24 3 41
2 3 4 50
2 110 5 129
2 66 6 3
2 42 7 14
2 87 8 33
2 53 9 28
2 97 10 53
3 9 4 102
3 62 5 18
3 93 6 57
3 77 7 18
3 82 8 119
3 92 9 76
3 86 10 101
4 12 5 122
4 42 6 110
4 108 7 14
4 17 8 22
4 35 9 43
4 76 10 59
5 87 6 122
5 45 7 128
5 100 8 53
5 71 9 53
5 110 10 32
6 49 7 34
6 23 8 56
6 1 9 1
6 101 10 114
7 106 8 87
7 66 9 112
7 126 10 17
8 39 9 44
8 86 10 13
9 71 10 73
30
1 35 2 129
1 90 3 18
1 30 4 3
1 23 5 83
1 72 6 40
1 89 7 5
1 74 8 6
1 70 9 125
1 105 10 111
1 86 11 71
1 26 12 37
1 26 13 14
1 25 14 28
1 86 15 66
1 31 16 126
1 124 17 114
1 2 18 65
1 67 19 83
1 36 20 31
1 70 21 90
1 95 22 108
1 113 23 28
1 22 24 38
1 19 25 53
1 124 26 127
1 34 27 105
1 119 28 20
1 48 29 60
1 125 30 13
2 9 3 3
2 116 4 25
2 90 5 2
2 85 6 117
2 17 7 27
2 116 8 121
2 98 9 86
2 114 10 80
2 118 11 81
2 4 12 6
2 3 13 7
2 111 14 127
2 17 15 36
2 95 16 99
2 111 17 64
2 66 18 90
2 115 19 119
2 121 20 51
2 38 21 74
2 100 22 76
2 66 23 54
2 10 24 85
2 35 25 34
2 114 26 124
2 129 27 22
2 29 28 117
2 114 29 1
2 37 30 9
3 107 4 130
3 64 5 1
3 91 6 88
3 77 7 129
3 50 8 75
3 18 9 68
3 13 10 87
3 11 11 117
3 72 12 79
3 112 13 21
3 14 14 106
3 128 15 96
3 83 16 13
3 13 17 26
3 34 18 67
3 66 19 49
3 50 20 11
3 99 21 129
3 128 22 11
3 85 23 45
3 113 24 47
3 4 25 102
3 89 26 125
3 74 27 14
3 34 28 30
3 6 29 56
3 22 30 48
4 60 5 3
4 29 6 104
4 41 7 72
4 121 8 63
4 74 9 106
4 105 10 41
4 51 11 42
4 87 12 103
4 20 13 5
4 107 14 69
4 64 15 23
4 36 16 66
4 95 17 7
4 63 18 70
4 117 19 101
4 104 20 84
4 58 21 46
4 118 22 2
4 65 23 98
4 74 24 108
4 19 25 8
4 49 26 49
4 22 27 69
4 74 28 6
4 74 29 41
4 63 30 50
5 116 6 7
5 14 7 99
5 39 8 80
5 51 9 77
5 31 10 25
5 71 11 24
5 26 12 89
5 57 13 58
5 36 14 90
5 98 15 1
5 49 16 54
5 123 17 16
5 21 18 70
5 111 19 66
5 116 20 95
5 102 21 43
5 11 22 101
5 51 23 116
5 62 24 49
5 74 25 101
5 125 26 92
5 51 27 14
5 72 28 20
5 110 29 107
5 107 30 108
6 31 7 77
6 93 8 26
6 96 9 24
6 89 10 114
6 79 11 76
6 118 12 75
6 45 13 50
6 35 14 129
6 48 15 96
6 67 16 97
6 59 17 122
6 6 18 61
6 81 19 109
6 85 20 77
6 54 21 61
6 8 22 61
6 87 23 85
6 108 24 100
6 84 25 52
6 127 26 67
6 11 27 32
6 82 28 115
6 114 29 56
6 21 30 117
7 83 8 31
7 23 9 88
7 18 10 11
7 119 11 28
7 105 12 99
7 29 13 74
7 5 14 28
7 113 15 36
7 6 16 91
7 13 17 90
7 26 18 89
7 121 19 10
7 124 20 37
7 92 21 73
7 59 22 108
7 9 23 113
7 70 24 11
7 22 25 31
7 58 26 88
7 56 27 11
7 85 28 32
7 60 29 84
7 120 30 89
8 50 9 42
8 2 10 125
8 84 11 62
8 72 12 28
8 64 13 75
8 17 14 66
8 43 15 26
8 8 16 75
8 86 17 51
8 82 18 78
8 35 19 108
8 118 20 10
8 42 21 91
8 44 22 73
8 31 23 102
8 13 24 33
8 28 25 81
8 13 26 15
8 42 27 111
8 55 28 84
8 19 29 106
8 1 30 71
9 16 10 62
9 113 11 9
9 87 12 102
9 79 13 64
9 74 14 121
9 81 15 67
9 9 16 115
9 86 17 125
9 28 18 40
9 120 19 99
9 113 20 55
9 36 21 3
9 86 22 25
9 1 23 91
9 32 24 105
9 36 25 2
9 10 26 47
9 19 27 19
9 82 28 96
9 87 29 97
9 34 30 26
10 10 11 37
10 32 12 43
10 82 13 96
10 64 14 59
10 114 15 72
10 75 16 47
10 72 17 19
10 109 18 30
10 5 19 72
10 73 20 10
10 57 21 41
10 59 22 83
10 49 23 75
10 42 24 11
10 36 25 5
10 42 26 75
10 118 27 45
10 11 28 73
10 2 29 70
10 12 30 74
11 121 12 115
11 4 13 86
11 116 14 62
11 3 15 113
11 123 16 120
11 30 17 76
11 28 18 50
11 125 19 89
11 99 20 76
11 81 21 36
11 111 22 4
11 49 23 122
11 65 24 98
11 38 25 59
11 3 26 66
11 51 27 49
11 4 28 123
11 54 29 54
11 37 30 120
12 109 13 57
12 3 14 30
12 79 15 9
12 97 16 30
12 106 17 73
12 109 18 66
12 70 19 56
12 48 20 89
12 57 21 118
12 47 22 112
12 47 23 94
12 13 24 49
12 41 25 97
12 21 26 17
12 6 27 95
12 21 28 57
12 87 29 115
12 123 30 23
13 53 14 35
13 108 15 90
13 26 16 29
13 85 17 86
13 45 18 95
13 82 19 2
13 113 20 102
13 66 21 128
13 46 22 29
13 126 23 78
13 94 24 87
13 51 25 16
13 73 26 100
13 84 27 72
13 95 28 29
13 64 29 77
13 36 30 18
14 46 15 41
14 127 16 61
14 25 17 130
14 1 18 42
14 13 19 107
14 105 20 113
14 12 21 78
14 26 22 20
14 107 23 7
14 22 24 120
14 90 25 27
14 99 26 95
14 123 27 43
14 119 28 64
14 81 29 57
14 97 30 25
15 86 16 127
15 126 17 94
15 5 18 111
15 87 19 127
15 110 20 17
15 95 21 61
15 81 22 121
15 128 23 121
15 111 24 58
15 84 25 20
15 114 26 70
15 112 27 53
15 116 28 107
15 33 29 101
15 126 30 66
16 63 17 130
16 93 18 81
16 61 19 58
16 55 20 98
16 115 21 18
16 79 22 34
16 25 23 80
16 70 24 30
16 87 25 23
16 42 26 51
16 120 27 41
16 93 28 26
16 2 29 102
16 73 30 79
17 15 18 35
17 35 19 68
17 18 20 77
17 5 21 127
17 95 22 79
17 97 23 59
17 93 24 79
17 28 25 45
17 75 26 118
17 10 27 98
17 18 28 31
17 71 29 52
17 77 30 8
18 110 19 34
18 113 20 79
18 114 21 53
18 120 22 127
18 74 23 18
18 15 24 8
18 86 25 78
18 7 26 109
18 57 27 53
18 97 28 100
18 88 29 85
18 52 30 41
19 72 20 98
19 19 21 70
19 78 22 13
19 46 23 96
19 45 24 58
19 110 25 29
19 25 26 29
19 46 27 99
19 107 28 99
19 46 29 60
19 39 30 63
20 115 21 53
20 23 22 96
20 50 23 82
20 122 24 110
20 77 25 102
20 41 26 64
20 76 27 96
20 62 28 119
20 46 29 122
20 20 30 106
21 4 22 25
21 124 23 45
21 13 24 50
21 110 25 100
21 32 26 59
21 111 27 18
21 113 28 16
21 97 29 3
21 113 30 32
22 3 23 89
22 23 24 59
22 24 25 44
22 32 26 98
22 89 27 86
22 61 28 78
22 102 29 109
22 23 30 65
23 115 24 95
23 65 25 35
23 93 26 94
23 111 27 96
23 112 28 74
23 77 29 94
23 126 30 79
24 38 25 59
24 118 26 128
24 42 27 60
24 27 28 11
24 96 29 74
24 21 30 116
25 94 26 27
25 92 27 123
25 88 28 116
25 21 29 76
25 39 30 22
26 118 27 114
26 57 28 20
26 113 29 100
26 48 30 4
27 62 28 108
27 106 29 85
27 15 30 49
28 60 29 18
28 92 30 41
29 27 30 26
30
1 103 2 76
1 42 3 2
1 59 4 73
1 81 5 78
1 68 6 130
1 14 7 7
1 2 8 60
1 124 9 111
1 4 10 8
1 69 11 81
1 107 12 64
1 86 13 129
1 58 14 31
1 9 15 100
1 71 16 17
1 92 17 117
1 119 18 44
1 116 19 4
1 82 20 47
1 46 21 67
1 74 22 19
1 79 23 60
1 40 24 76
1 83 25 72
1 23 26 44
1 107 27 21
1 20 28 129
1 30 29 62
1 32 30 77
2 93 3 38
2 25 4 103
2 16 5 55
2 59 6 13
2 60 7 2
2 69 8 10
2 28 9 106
2 35 10 13
2 88 11 106
2 48 12 75
2 118 13 41
2 62 14 70
2 69 15 94
2 26 16 81
2 28 17 98
2 6 18 58
2 30 19 121
2 46 20 30
2 43 21 46
2 48 22 104
2 113 23 103
2 78 24 117
2 129 25 11
2 117 26 113
2 57 27 87
2 127 28 34
2 104 29 45
2 9 30 58
3 9 4 42
3 9 5 34
3 91 6 36
3 27 7 14
3 44 8 121
3 36 9 72
3 45 10 87
3 59 11 84
3 70 12 28
3 39 13 6
3 118 14 68
3 24 15 25
3 59 16 45
3 90 17 20
3 78 18 32
3 74 19 98
3 2 20 86
3 122 21 83
3 97 22 93
3 83 23 18
3 90 24 10
3 97 25 119
3 72 26 4
3 32 27 25
3 30 28 11
3 79 29 70
3 95 30 18
4 63 5 103
4 123 6 23
4 55 7 22
4 120 8 70
4 26 9 129
4 81 10 121
4 83 11 17
4 35 12 47
4 57 13 35
4 24 14 124
4 128 15 23
4 48 16 95
4 106 17 30
4 99 18 78
4 95 19 54
4 27 20 63
4 86 21 28
4 49 22 19
4 88 23 11
4 9 24 38
4 29 25 114
4 130 26 90
4 6 27 111
4 16 28 35
4 29 29 63
4 86 30 39
5 3 6 27
5 56 7 3
5 80 8 109
5 33 9 25
5 87 10 45
5 72 11 59
5 77 12 43
5 53 13 121
5 29 14 35
5 18 15 62
5 21 16 57
5 37 17 18
5 52 18 27
5 90 19 53
5 91 20 81
5 107 21 45
5 48 22 94
5 72 23 33
5 57 24 127
5 41 25 104
5 33 26 14
5 57 27 113
5 103 28 109
5 13 29 110
5 41 30 1
6 58 7 30
6 47 8 62
6 88 9 95
6 17 10 99
6 50 11 47
6 92 12 107
6 71 13 26
6 59 14 9
6 6 15 12
6 116 16 115
6 129 17 46
6 29 18 19
6 127 19 55
6 34 20 1
6 2 21 10
6 40 22 75
6 6 23 60
6 24 24 87
6 56 25 94
6 11 26 40
6 17 27 105
6 130 28 102
6 111 29 87
6 99 30 59
7 44 8 116
7 32 9 85
7 103 10 42
7 96 11 60
7 61 12 99
7 109 13 130
7 74 14 63
7 122 15 18
7 104 16 79
7 43 17 15
7 54 18 29
7 4 19 53
7 24 20 71
7 27 21 4
7 62 22 5
7 120 23 125
7 80 24 105
7 16 25 21
7 81 26 52
7 21 27 112
7 111 28 11
7 73 29 129
7 17 30 55
8 4 9 64
8 78 10 120
8 19 11 46
8 98 12 2
8 72 13 22
8 25 14 122
8 127 15 99
8 93 16 87
8 61 17 116
8 7 18 42
8 94 19 77
8 58 20 87
8 97 21 114
8 112 22 39
8 94 23 40
8 103 24 128
8 118 25 97
8 13 26 51
8 53 27 7
8 29 28 111
8 103 29 124
8 92 30 54
9 10 10 99
9 84 11 55
9 97 12 70
9 17 13 90
9 46 14 60
9 44 15 74
9 113 16 13
9 52 17 26
9 23 18 76
9 42 19 25
9 75 20 11
9 18 21 54
9 35 22 128
9 121 23 46
9 99 24 7
9 105 25 83
9 7 26 109
9 49 27 58
9 18 28 104
9 34 29 65
9 9 30 64
10 76 11 77
10 102 12 121
10 66 13 128
10 23 14 125
10 6 15 107
10 31 16 97
10 94 17 23
10 68 18 65
10 72 19 85
10 37 20 37
10 16 21 46
10 104 22 44
10 18 23 64
10 129 24 121
10 55 25 51
10 128 26 7
10 127 27 1
10 128 28 99
10 94 29 62
10 39 30 20
11 117 12 99
11 121 13 69
11 4 14 81
11 36 15 59
11 96 16 75
11 121 17 73
11 117 18 111
11 45 19 94
11 85 20 4
11 55 21 43
11 49 22 9
11 9 23 52
11 21 24 45
11 106 25 6
11 26 26 115
11 83 27 14
11 83 28 13
11 93 29 74
11 3 30 87
12 32 13 129
12 71 14 98
12 78 15 22
12 115 16 57
12 61 17 122
12 35 18 70
12 78 19 115
12 37 20 83
12 127 21 86
12 92 22 58
12 42 23 103
12 117 24 118
12 130 25 125
12 68 26 69
12 26 27 93
12 91 28 70
12 38 29 57
12 79 30 32
13 89 14 116
13 108 15 64
13 3 16 19
13 4 17 12
13 94 18 80
13 36 19 40
13 97 20 90
13 63 21 127
13 114 22 8
13 3 23 49
13 118 24 114
13 77 25 70
13 10 26 13
13 70 27 38
13 69 28 48
13 33 29 18
13 81 30 27
14 46 15 10
14 21 16 83
14 33 17 49
14 88 18 115
14 74 19 68
14 64 20 55
14 63 21 7
14 55 22 48
14 32 23 65
14 5 24 42
14 54 25 108
14 15 26 14
14 61 27 123
14 11 28 83
14 110 29 94
14 103 30 91
15 44 16 25
15 73 17 124
15 108 18 76
15 13 19 31
15 85 20 52
15 58 21 76
15 124 22 17
15 82 23 112
15 23 24 25
15 2 25 86
15 99 26 77
15 70 27 17
15 99 28 30
15 123 29 80
15 41 30 79
16 103 17 96
16 89 18 84
16 29 19 46
16 77 20 66
16 117 21 41
16 117 22 31
16 48 23 45
16 26 24 110
16 5 25 130
16 85 26 49
16 126 27 7
16 23 28 54
16 84 29 65
16 14 30 122
17 70 18 76
17 42 19 54
17 8 20 43
17 89 21 130
17 66 22 36
17 76 23 35
17 66 24 53
17 97 25 63
17 43 26 114
17 113 27 123
17 41 28 47
17 54 29 67
17 121 30 37
18 101 19 76
18 68 20 74
18 20 21 115
18 39 22 8
18 50 23 61
18 61 24 46
18 81 25 9
18 44 26 126
18 49 27 27
18 90 28 109
18 93 29 16
18 8 30 2
19 49 20 75
19 12 21 49
19 85 22 102
19 48 23 2
19 76 24 56
19 40 25 115
19 122 26 95
19 25 27 79
19 124 28 42
19 51 29 85
19 81 30 75
20 102 21 94
20 73 22 130
20 15 23 61
20 63 24 35
20 110 25 22
20 71 26 111
20 82 27 121
20 123 28 26
20 81 29 129
20 114 30 68
21 32 22 121
21 69 23 105
21 17 24 57
21 12 25 62
21 7 26 67
21 30 27 92
21 92 28 108
21 39 29 102
21 6 30 106
22 128 23 101
22 81 24 116
22 106 25 69
22 94 26 33
22 32 27 99
22 36 28 44
22 34 29 15
22 120 30 68
23 125 24 102
23 34 25 6
23 73 26 6
23 98 27 40
23 18 28 102
23 74 29 59
23 34 30 56
24 26 25 80
24 65 26 32
24 100 27 106
24 9 28 41
24 9 29 63
24 107 30 40
25 54 26 45
25 113 27 10
25 112 28 44
25 50 29 107
25 112 30 16
26 56 27 122
26 94 28 79
26 7 29 73
26 128 30 37
27 117 28 41
27 72 29 23
27 129 30 51
28 92 29 42
28 104 30 7
29 46 30 100
100
1 28 2 7
1 58 3 63
1 93 4 125
1 120 5 93
1 19 6 58
1 95 7 22
1 96 8 41
1 130 9 116
1 79 10 65
1 82 11 91
1 29 12 111
1 55 13 57
1 32 14 53
1 14 15 34
1 87 16 106
1 113 17 97
1 30 18 115
1 110 19 41
1 3 20 123
1 51 21 100
1 121 22 22
1 62 23 16
1 1 24 87
1 22 25 62
1 22 26 80
1 61 27 103
1 30 28 50
1 103 29 115
1 18 30 61
1 37 31 117
1 84 32 105
1 90 33 19
1 60 34 113
1 106 35 69
1 39 36 62
1 84 37 26
1 41 38 30
1 116 39 16
1 77 40 42
1 122 41 7
1 109 42 98
1 18 43 52
1 37 44 9
1 69 45 121
1 107 46 54
1 29 47 106
1 125 48 61
1 43 49 118
1 57 50 54
1 116 51 19
1 45 52 95
1 124 53 69
1 84 54 86
1 127 55 109
1 116 56 31
1 128 57 119
1 40 58 95
1 103 59 16
1 7 60 76
1 130 61 42
1 17 62 113
1 44 63 28
1 16 64 11
1 65 65 87
1 105 66 72
1 37 67 50
1 118 68 19
1 104 69 30
1 9 70 72
1 102 71 101
1 89 72 125
1 89 73 100
1 116 74 129
1 75 75 61
1 102 76 122
1 105 77 74
1 102 78 118
1 129 79 18
1 104 80 117
1 59 81 63
1 113 82 78
1 96 83 95
1 125 84 101
1 42 85 70
1 40 86 4
1 128 87 14
1 113 88 128
1 127 89 86
1 16 90 98
1 89 91 71
1 15 92 117
1 105 93 64
1 81 94 117
1 103 95 104
1 37 96 54
1 1 97 32
1 126 98 19
1 120 99 97
1 36 100 120
2 123 3 32
2 45 4 75
2 73 5 120
2 75 6 28
2 126 7 69
2 10 8 91
2 78 9 85
2 18 10 24
2 10 11 53
2 26 12 98
2 21 13 113
2 14 14 63
2 82 15 22
2 118 16 10
2 129 17 71
2 102 18 24
2 99 19 122
2 112 20 17
2 44 21 41
2 110 22 57
2 17 23 39
2 123 24 119
2 13 25 94
2 17 26 11
2 108 27 22
2 5 28 43
2 105 29 129
2 20 30 19
2 28 31 57
2 127 32 8
2 31 33 27
2 19 34 99
2 115 35 129
2 40 36 130
2 57 37 29
2 68 38 19
2 8 39 73
2 37 40 61
2 71 41 20
2 42 42 53
2 96 43 48
2 46 44 46
2 65 45 70
2 127 46 65
2 73 47 93
2 119 48 124
2 92 49 103
2 102 50 8
2 8 51 77
2 106 52 11
2 30 53 64
2 6 54 43
2 103 55 37
2 57 56 43
2 96 57 43
2 91 58 98
2 14 59 61
2 1 60 6
2 71 61 78
2 41 62 127
2 120 63 13
2 116 64 29
2 37 65 81
2 28 66 87
2 98 67 44
2 107 68 3
2 46 69 128
2 34 70 113
2 25 71 18
2 61 72 90
2 58 73 120
2 51 74 21
2 27 75 72
2 19 76 51
2 47 77 97
2 110 78 59
2 88 79 36
2 117 80 96
2 52 81 125
2 38 82 15
2 18 83 20
2 17 84 14
2 127 85 63
2 81 86 51
2 11 87 21
2 11 88 11
2 32 89 68
2 9 90 61
2 112 91 58
2 24 92 28
2 87 93 28
2 64 94 4
2 99 95 45
2 39 96 50
2 64 97 21
2 41 98 76
2 90 99 81
2 14 100 57
3 108 4 86
3 107 5 94
3 105 6 118
3 56 7 118
3 49 8 6
3 63 9 65
3 93 10 30
3 57 11 87
3 91 12 49
3 94 13 120
3 40 14 59
3 80 15 2
3 78 16 104
3 55 17 120
3 47 18 38
3 124 19 68
3 31 20 24
3 11 21 100
3 88 22 6
3 11 23 67
3 1 24 6
3 35 25 73
3 30 26 93
3 12 27 92
3 82 28 120
3 49 29 105
3 106 30 121
3 95 31 128
3 117 32 54
3 91 33 19
3 86 34 33
3 56 35 84
3 54 36 117
3 122 37 67
3 3 38 11
3 16 39 3
3 76 40 3
3 96 41 51
3 13 42 105
3 94 43 107
3 81 44 94
3 85 45 12
3 10 46 57
3 110 47 49
3 68 48 126
3 29 49 71
3 24 50 24
3 10 51 85
3 21 52 77
3 88 53 2
3 4 54 24
3 27 55 104
3 24 56 79
3 54 57 122
3 99 58 37
3 130 59 17
3 29 60 50
3 106 61 85
3 4 62 39
3 34 63 86
3 26 64 71
3 94 65 63
3 17 66 49
3 126 67 104
3 105 68 38
3 61 69 83
3 56 70 109
3 58 71 88
3 79 72 80
3 116 73 111
3 128 74 48
3 97 75 116
3 70 76 27
3 65 77 72
3 28 78 74
3 14 79 98
3 31 80 53
3 102 81 108
3 82 82 47
3 85 83 98
3 50 84 57
3 35 85 15
3 102 86 106
3 56 87 92
3 73 88 51
3 98 89 42
3 27 90 70
3 96 91 65
3 7 92 97
3 40 93 30
3 128 94 34
3 87 95 54
3 32 96 29
3 75 97 58
3 25 98 113
3 39 99 29
3 44 100 75
4 51 5 74
4 36 6 16
4 67 7 107
4 18 8 108
4 47 9 35
4 99 10 45
4 12 11 13
4 43 12 105
4 8 13 52
4 105 14 41
4 69 15 94
4 22 16 7
4 120 17 14
4 43 18 47
4 121 19 29
4 102 20 86
4 102 21 42
4 18 22 7
4 115 23 38
4 72 24 36
4 80 25 32
4 44 26 40
4 15 27 91
4 12 28 87
4 127 29 22
4 116 30 117
4 124 31 65
4 79 32 7
4 53 33 113
4 11 34 121
4 77 35 44
4 85 36 113
4 120 37 48
4 86 38 103
4 8 39 104
4 5 40 28
4 68 41 88
4 49 42 49
4 5 43 82
4 103 44 61
4 48 45 2
4 67 46 89
4 95 47 41
4 24 48 15
4 5 49 18
4 61 50 35
4 17 51 81
4 129 52 16
4 118 53 7
4 110 54 85
4 112 55 126
4 84 56 115
4 33 57 49
4 130 58 2
4 62 59 38
4 39 60 103
4 61 61 109
4 20 62 105
4 119 63 26
4 43 64 43
4 78 65 124
4 75 66 104
4 119 67 94
4 100 68 74
4 28 69 107
4 103 70 80
4 64 71 9
4 57 72 56
4 58 73 96
4 3 74 57
4 29 75 119
4 98 76 42
4 16 77 90
4 115 78 117
4 30 79 5
4 129 80 28
4 2 81 107
4 71 82 73
4 17 83 121
4 98 84 41
4 120 85 44
4 52 86 70
4 126 87 53
4 19 88 109
4 35 89 53
4 42 90 22
4 63 91 64
4 23 92 9
4 126 93 79
4 83 94 8
4 36 95 25
4 1 96 81
4 24 97 37
4 27 98 72
4 112 99 40
4 83 100 124
5 64 6 101
5 24 7 5
5 114 8 59
5 112 9 43
5 64 10 18
5 82 11 24
5 32 12 126
5 75 13 105
5 112 14 28
5 53 15 27
5 108 16 18
5 54 17 54
5 125 18 2
5 41 19 81
5 74 20 106
5 76 21 124
5 129 22 8
5 67 23 100
5 12 24 112
5 130 25 48
5 71 26 75
5 71 27 81
5 56 28 103
5 1 29 15
5 42 30 37
5 55 31 53
5 106 32 20
5 21 33 108
5 58 34 100
5 75 35 62
5 55 36 2
5 10 37 21
5 120 38 54
5 36 39 76
5 124 40 1
5 76 41 35
5 116 42 64
5 37 43 16
5 31 44 41
5 78 45 37
5 90 46 72
5 91 47 2
5 110 48 65
5 34 49 112
5 43 50 38
5 39 51 109
5 129 52 98
5 21 53 48
5 124 54 119
5 119 55 56
5 91 56 117
5 51 57 64
5 80 58 77
5 117 59 87
5 124 60 111
5 52 61 65
5 66 62 83
5 17 63 13
5 124 64 46
5 83 65 51
5 30 66 36
5 4 67 121
5 39 68 28
5 17 69 24
5 80 70 32
5 19 71 5
5 69 72 41
5 117 73 69
5 25 74 19
5 129 75 104
5 38 76 19
5 102 77 51
5 64 78 104
5 19 79 119
5 39 80 58
5 93 81 102
5 93 82 68
5 96 83 97
5 120 84 1
5 33 85 112
5 117 86 70
5 110 87 51
5 120 88 56
5 75 89 97
5 70 90 15
5 33 91 73
5 124 92 108
5 82 93 4
5 122 94 57
5 114 95 101
5 72 96 31
5 99 97 77
5 43 98 34
5 35 99 64
5 46 100 33
6 102 7 68
6 119 8 33
6 88 9 82
6 48 10 108
6 122 11 33
6 106 12 117
6 95 13 24
6 28 14 99
6 26 15 46
6 16 16 19
6 50 17 9
6 86 18 87
6 120 19 18
6 82 20 128
6 31 21 24
6 92 22 127
6 30 23 3
6 84 24 80
6 57 25 117
6 20 26 2
6 119 27 48
6 72 28 125
6 93 29 83
6 128 30 99
6 118 31 118
6 127 32 14
6 100 33 37
6 54 34 82
6 80 35 90
6 114 36 5
6 2 37 110
6 113 38 75
6 24 39 31
6 18 40 67
6 68 41 80
6 128 42 37
6 31 43 56
6 9 44 69
6 37 45 123
6 111 46 7
6 20 47 24
6 61 48 107
6 59 49 120
6 79 50 114
6 118 51 8
6 118 52 62
6 6 53 119
6 20 54 100
6 36 55 30
6 110 56 37
6 73 57 104
6 30 58 107
6 45 59 103
6 96 60 38
6 44 61 82
6 106 62 77
6 53 63 64
6 53 64 36
6 19 65 112
6 119 66 1
6 63 67 7
6 126 68 107
6 77 69 69
6 98 70 15
6 51 71 112
6 86 72 77
6 53 73 124
6 97 74 115
6 22 75 98
6 50 76 62
6 8 77 66
6 129 78 25
6 60 79 61
6 43 80 51
6 52 81 79
6 86 82 31
6 8 83 114
6 52 84 82
6 96 85 84
6 66 86 19
6 96 87 17
6 10 88 21
6 5 89 19
6 116 90 106
6 38 91 26
6 92 92 36
6 60 93 46
6 107 94 90
6 11 95 120
6 69 96 19
6 50 97 62
6 46 98 24
6 105 99 57
6 10 100 97
7 116 8 71
7 87 9 76
7 96 10 81
7 100 11 97
7 73 12 100
7 126 13 86
7 121 14 111
7 26 15 87
7 47 16 50
7 40 17 3
7 22 18 58
7 120 19 108
7 1 20 71
7 128 21 35
7 2 22 105
7 46 23 8
7 83 24 117
7 68 25 2
7 99 26 48
7 18 27 37
7 122 28 42
7 22 29 13
7 100 30 112
7 32 31 48
7 51 32 16
7 74 33 71
7 48 34 72
7 13 35 63
7 98 36 49
7 23 37 10
7 18 38 99
7 85 39 69
7 71 40 100
7 18 41 23
7 59 42 39
7 81 43 35
7 48 44 51
7 32 45 102
7 20 46 17
7 33 47 63
7 4 48 70
7 11 49 106
7 39 50 51
7 99 51 23
7 33 52 6
7 104 53 122
7 60 54 51
7 21 55 59
7 81 56 130
7 39 57 38
7 73 58 10
7 60 59 119
7 91 60 120
7 7 61 91
7 24 62 111
7 50 63 39
7 15 64 27
7 78 65 61
7 84 66 53
7 58 67 47
7 39 68 116
7 37 69 31
7 90 70 98
7 98 71 57
7 94 72 40
7 49 73 7
7 126 74 37
7 27 75 108
7 69 76 87
7 67 77 34
7 73 78 93
7 120 79 116
7 47 80 87
7 10 81 67
7 114 82 130
7 116 83 67
7 98 84 22
7 120 85 22
7 78 86 57
7 97 87 88
7 95 88 42
7 78 89 15
7 123 90 90
7 47 91 105
7 8 92 61
7 23 93 113
7 99 94 80
7 37 95 13
7 79 96 15
7 14 97 46
7 113 98 63
7 84 99 129
7 21 100 81
8 7 9 73
8 31 10 98
8 9 11 104
8 118 12 125
8 84 13 87
8 62 14 110
8 41 15 130
8 113 16 70
8 20 17 64
8 76 18 81
8 96 19 56
8 102 20 25
8 88 21 110
8 109 22 85
8 35 23 41
8 114 24 129
8 96 25 42
8 15 26 14
8 8 27 105
8 62 28 2
8 112 29 92
8 92 30 124
8 63 31 23
8 87 32 74
8 25 33 82
8 8 34 33
8 57 35 121
8 100 36 109
8 63 37 15
8 55 38 79
8 77 39 98
8 9 40 39
8 52 41 43
8 18 42 23
8 25 43 60
8 21 44 80
8 73 45 7
8 29 46 113
8 57 47 5
8 87 48 116
8 18 49 82
8 72 50 94
8 73 51 75
8 89 52 42
8 120 53 6
8 103 54 13
8 52 55 67
8 110 56 111
8 4 57 103
8 33 58 127
8 77 59 28
8 35 60 53
8 36 61 19
8 24 62 64
8 49 63 92
8 44 64 110
8 74 65 66
8 11 66 115
8 27 67 17
8 22 68 99
8 112 69 17
8 84 70 125
8 106 71 33
8 6 72 63
8 60 73 109
8 7 74 38
8 91 75 6
8 24 76 42
8 105 77 126
8 88 78 47
8 27 79 23
8 89 80 1
8 116 81 101
8 117 82 99
8 68 83 12
8 29 84 9
8 4 85 49
8 82 86 112
8 44 87 109
8 88 88 87
8 125 89 103
8 109 90 95
8 6 91 85
8 81 92 2
8 49 93 111
8 4 94 38
8 39 95 76
8 46 96 92
8 61 97 24
8 36 98 33
8 41 99 129
8 47 100 65
9 46 10 45
9 23 11 129
9 86 12 90
9 63 13 111
9 76 14 80
9 35 15 41
9 42 16 81
9 62 17 115
9 23 18 91
9 36 19 65
9 27 20 62
9 86 21 82
9 114 22 87
9 86 23 121
9 55 24 25
9 69 25 2
9 1 26 101
9 60 27 92
9 72 28 86
9 36 29 122
9 33 30 17
9 98 31 70
9 55 32 75
9 35 33 29
9 94 34 78
9 9 35 71
9 22 36 120
9 77 37 94
9 85 38 5
9 30 39 32
9 34 40 10
9 110 41 98
9 60 42 34
9 120 43 40
9 32 44 2
9 19 45 26
9 95 46 64
9 8 47 116
9 15 48 20
9 97 49 42
9 112 50 109
9 98 51 106
9 70 52 4
9 8 53 45
9 76 54 25
9 34 55 38
9 6 56 109
9 13 57 14
9 53 58 65
9 66 59 3
9 28 60 85
9 18 61 84
9 70 62 123
9 12 63 26
9 67 64 85
9 63 65 109
9 84 66 49
9 52 67 30
9 74 68 24
9 48 69 60
9 98 70 20
9 129 71 81
9 95 72 103
9 37 73 12
9 14 74 18
9 102 75 103
9 57 76 42
9 34 77 120
9 15 78 126
9 81 79 46
9 24 80 82
9 130 81 13
9 43 82 108
9 2 83 52
9 112 84 117
9 6 85 49
9 130 86 80
9 52 87 5
9 16 88 94
9 111 89 89
9 62 90 30
9 71 91 83
9 72 92 118
9 114 93 105
9 20 94 86
9 37 95 64
9 76 96 44
9 21 97 37
9 89 98 119
9 105 99 22
9 71 100 70
10 19 11 111
10 115 12 70
10 34 13 71
10 29 14 1
10 30 15 14
10 97 16 90
10 78 17 100
10 74 18 38
10 123 19 61
10 124 20 94
10 7 21 29
10 66 22 70
10 58 23 27
10 49 24 24
10 93 25 33
10 14 26 119
10 59 27 112
10 53 28 129
10 129 29 92
10 106 30 81
10 41 31 28
10 128 32 72
10 109 33 118
10 49 34 71
10 34 35 102
10 1 36 42
10 112 37 40
10 67 38 66
10 89 39 39
10 72 40 116
10 105 41 52
10 34 42 85
10 83 43 33
10 125 44 86
10 37 45 81
10 109 46 100
10 42 47 77
10 65 48 106
10 47 49 21
10 122 50 113
10 25 51 81
10 121 52 122
10 58 53 6
10 45 54 57
10 43 55 16
10 67 56 116
10 71 57 17
10 50 58 101
10 56 59 24
10 105 60 45
10 15 61 92
10 39 62 83
10 59 63 56
10 76 64 104
10 87 65 105
10 55 66 68
10 59 67 111
10 117 68 45
10 102 69 116
10 2 70 31
10 17 71 15
10 32 72 69
10 39 73 88
10 111 74 81
10 126 75 95
10 56 76 85
10 38 77 10
10 65 78 95
10 69 79 96
10 71 80 11
10 78 81 25
10 6 82 126
10 41 83 6
10 122 84 122
10 23 85 13
10 27 86 124
10 62 87 40
10 127 88 58
10 9 89 101
10 65 90 108
10 63 91 4
10 13 92 121
10 86 93 100
10 66 94 78
10 88 95 24
10 49 96 7
10 2 97 35
10 41 98 54
10 46 99 42
10 54 100 33
11 26 12 68
11 108 13 81
11 8 14 88
11 58 15 104
11 81 16 16
11 20 17 122
11 112 18 13
11 113 19 32
11 110 20 68
11 91 21 48
11 54 22 67
11 102 23 9
11 62 24 56
11 98 25 12
11 45 26 108
11 45 27 22
11 102 28 71
11 28 29 22
11 126 30 109
11 125 31 85
11 77 32 77
11 89 33 14
11 46 34 59
11 126 35 71
11 119 36 25
11 91 37 86
11 95 38 43
11 99 39 63
11 75 40 27
11 4 41 66
11 87 42 119
11 59 43 49
11 71 44 58
11 36 45 86
11 41 46 66
11 12 47 31
11 44 48 118
11 46 49 101
11 42 50 89
11 113 51 41
11 127 52 30
11 73 53 74
11 7 54 91
11 117 55 41
11 107 56 81
11 70 57 120
11 39 58 63
11 120 59 128
11 84 60 109
11 44 61 26
11 56 62 125
11 112 63 56
11 26 64 100
11 58 65 27
11 68 66 67
11 97 67 41
11 115 68 65
11 25 69 40
11 81 70 122
11 72 71 12
11 2 72 57
11 119 73 11
11 9 74 40
11 18 75 109
11 5 76 93
11 87 77 61
11 117 78 61
11 30 79 69
11 95 80 12
11 79 81 88
11 129 82 33
11 97 83 46
11 85 84 114
11 105 85 122
11 3 86 35
11 91 87 46
11 57 88 4
11 44 89 80
11 58 90 66
11 28 91 61
11 122 92 63
11 123 93 115
11 53 94 108
11 120 95 22
11 109 96 18
11 50 97 68
11 113 98 108
11 91 99 17
11 8 100 68
12 103 13 65
12 111 14 10
12 14 15 63
12 13 16 37
12 102 17 57
12 118 18 71
12 3 19 129
12 113 20 109
12 87 21 125
12 17 22 36
12 53 23 76
12 14 24 126
12 103 25 102
12 118 26 127
12 64 27 63
12 127 28 125
12 5 29 36
12 99 30 107
12 14 31 19
12 76 32 111
12 51 33 115
12 114 34 63
12 41 35 53
12 48 36 97
12 2 37 127
12 73 38 64
12 59 39 55
12 26 40 86
12 82 41 32
12 94 42 14
12 9 43 16
12 51 44 91
12 68 45 13
12 32 46 19
12 130 47 81
12 66 48 107
12 39 49 51
12 104 50 50
12 16 51 80
12 77 52 21
12 85 53 18
12 72 54 19
12 105 55 14
12 45 56 98
12 112 57 56
12 71 58 8
12 99 59 120
12 3 60 122
12 11 61 36
12 116 62 34
12 11 63 10
12 60 64 52
12 101 65 49
12 129 66 34
12 54 67 117
12 5 68 75
12 93 69 9
12 22 70 76
12 44 71 67
12 123 72 67
12 75 73 25
12 14 74 64
12 55 75 43
12 78 76 17
12 50 77 65
12 75 78 64
12 116 79 60
12 109 80 5
12 38 81 86
12 72 82 107
12 52 83 92
12 100 84 76
12 22 85 15
12 82 86 122
12 58 87 66
12 90 88 74
12 7 89 2
12 44 90 104
12 120 91 62
12 126 92 122
12 56 93 40
12 100 94 70
12 74 95 41
12 127 96 79
12 55 97 112
12 73 98 69
12 14 99 107
12 121 100 43
13 34 14 36
13 101 15 72
13 15 16 92
13 93 17 61
13 34 18 22
13 83 19 7
13 129 20 24
13 63 21 79
13 19 22 55
13 96 23 33
13 111 24 93
13 74 25 92
13 30 26 36
13 12 27 16
13 59 28 44
13 79 29 2
13 73 30 92
13 54 31 49
13 110 32 88
13 110 33 16
13 23 34 13
13 36 35 63
13 11 36 22
13 76 37 99
13 2 38 30
13 122 39 41
13 3 40 112
13 18 41 65
13 81 42 33
13 76 43 29
13 31 44 9
13 101 45 24
13 73 46 104
13 61 47 24
13 40 48 52
13 65 49 41
13 103 50 63
13 84 51 101
13 70 52 114
13 13 53 30
13 71 54 71
13 53 55 5
13 70 56 73
13 105 57 70
13 99 58 20
13 29 59 51
13 74 60 129
13 102 61 130
13 24 62 17
13 69 63 33
13 73 64 64
13 126 65 4
13 105 66 46
13 29 67 80
13 109 68 44
13 115 69 42
13 47 70 49
13 122 71 37
13 107 72 116
13 5 73 97
13 17 74 76
13 74 75 34
13 33 76 91
13 108 77 46
13 78 78 57
13 120 79 46
13 50 80 21
13 66 81 115
13 64 82 24
13 68 83 95
13 7 84 43
13 91 85 52
13 89 86 53
13 38 87 83
13 49 88 66
13 11 89 43
13 76 90 65
13 25 91 84
13 130 92 109
13 35 93 3
13 48 94 77
13 98 95 25
13 9 96 98
13 121 97 34
13 128 98 73
13 115 99 59
13 110 100 5
14 58 15 76
14 28 16 68
14 3 17 95
14 8 18 77
14 11 19 13
14 97 20 84
14 63 21 36
14 38 22 96
14 43 23 98
14 122 24 86
14 54 25 11
14 44 26 130
14 73 27 45
14 103 28 42
14 46 29 57
14 2 30 82
14 20 31 103
14 68 32 30
14 106 33 23
14 35 34 76
14 29 35 117
14 23 36 2
14 98 37 91
14 58 38 61
14 17 39 11
14 21 40 49
14 49 41 70
14 114 42 64
14 106 43 121
14 48 44 87
14 38 45 21
14 124 46 49
14 79 47 58
14 80 48 62
14 7 49 55
14 42 50 114
14 116 51 35
14 126 52 65
14 125 53 83
14 94 54 53
14 102 55 12
14 81 56 114
14 48 57 20
14 11 58 65
14 21 59 23
14 44 60 58
14 107 61 59
14 116 62 38
14 99 63 56
14 110 64 65
14 49 65 106
14 11 66 21
14 86 67 35
14 118 68 6
14 59 69 80
14 91 70 81
14 64 71 31
14 51 72 42
14 107 73 111
14 4 74 61
14 119 75 128
14 56 76 47
14 84 77 95
14 20 78 42
14 107 79 53
14 28 80 130
14 21 81 26
14 60 82 39
14 44 83 106
14 56 84 47
14 127 85 103
14 3 86 16
14 58 87 61
14 42 88 54
14 114 89 35
14 32 90 45
14 91 91 103
14 67 92 88
14 130 93 45
14 97 94 87
14 86 95 106
14 1 96 124
14 32 97 106
14 82 98 60
14 107 99 76
14 49 100 7
15 23 16 104
15 34 17 52
15 105 18 80
15 115 19 75
15 120 20 89
15 61 21 16
15 103 22 80
15 124 23 128
15 84 24 102
15 78 25 90
15 84 26 40
15 15 27 78
15 8 28 116
15 62 29 97
15 103 30 114
15 87 31 110
15 32 32 125
15 75 33 121
15 65 34 6
15 94 35 59
15 74 36 55
15 4 37 25
15 22 38 47
15 19 39 128
15 88 40 105
15 14 41 96
15 44 42 42
15 28 43 29
15 125 44 51
15 35 45 89
15 69 46 97
15 92 47 122
15 112 48 100
15 106 49 36
15 94 50 47
15 101 51 69
15 94 52 38
15 84 53 105
15 102 54 115
15 89 55 103
15 69 56 60
15 101 57 103
15 2 58 112
15 33 59 128
15 87 60 126
15 93 61 68
15 59 62 25
15 125 63 54
15 90 64 40
15 86 65 100
15 39 66 53
15 90 67 56
15 30 68 2
15 116 69 44
15 17 70 2
15 61 71 75
15 48 72 85
15 67 73 32
15 30 74 49
15 45 75 100
15 37 76 116
15 11 77 7
15 61 78 95
15 4 79 6
15 105 80 20
15 72 81 90
15 15 82 14
15 16 83 32
15 76 84 45
15 46 85 1
15 76 86 92
15 47 87 107
15 9 88 123
15 42 89 113
15 82 90 38
15 24 91 86
15 92 92 118
15 83 93 35
15 40 94 23
15 42 95 86
15 46 96 15
15 29 97 114
15 16 98 60
15 105 99 44
15 45 100 91
16 53 17 21
16 127 18 120
16 113 19 99
16 82 20 5
16 43 21 24
16 109 22 33
16 21 23 66
16 100 24 71
16 93 25 103
16 59 26 10
16 24 27 5
16 118 28 104
16 34 29 53
16 96 30 3
16 94 31 8
16 29 32 10
16 130 33 17
16 115 34 25
16 30 35 112
16 6 36 67
16 100 37 72
16 8 38 115
16 56 39 120
16 93 40 108
16 118 41 19
16 23 42 22
16 126 43 12
16 64 44 11
16 13 45 30
16 38 46 29
16 38 47 107
16 123 48 66
16 90 49 38
16 19 50 108
16 44 51 120
16 62 52 25
16 10 53 13
16 2 54 69
16 47 55 65
16 84 56 95
16 117 57 34
16 45 58 106
16 116 59 112
16 11 60 108
16 6 61 129
16 105 62 48
16 113 63 44
16 81 64 98
16 75 65 73
16 62 66 100
16 125 67 118
16 130 68 124
16 62 69 4
16 69 70 2
16 97 71 109
16 12 72 22
16 128 73 83
16 65 74 57
16 34 75 114
16 112 76 76
16 124 77 40
16 84 78 87
16 54 79 107
16 49 80 34
16 4 81 128
16 116 82 111
16 104 83 128
16 2 84 115
16 117 85 36
16 15 86 70
16 92 87 83
16 35 88 27
16 83 89 89
16 73 90 100
16 45 91 117
16 26 92 54
16 11 93 38
16 14 94 109
16 13 95 64
16 62 96 62
16 43 97 16
16 14 98 47
16 32 99 17
16 53 100 15
17 84 18 18
17 101 19 67
17 93 20 46
17 5 21 5
17 104 22 45
17 31 23 77
17 1 24 19
17 56 25 57
17 36 26 11
17 74 27 69
17 1 28 48
17 64 29 6
17 53 30 44
17 60 31 77
17 91 32 84
17 102 33 112
17 49 34 45
17 91 35 72
17 77 36 11
17 56 37 95
17 41 38 50
17 68 39 87
17 13 40 42
17 52 41 124
17 62 42 49
17 96 43 126
17 1 44 63
17 106 45 30
17 107 46 53
17 6 47 36
17 17 48 67
17 112 49 108
17 49 50 66
17 76 51 72
17 37 52 125
17 45 53 1
17 87 54 78
17 119 55 113
17 106 56 100
17 18 57 40
17 35 58 38
17 100 59 114
17 13 60 35
17 88 61 75
17 110 62 120
17 57 63 94
17 71 64 127
17 62 65 38
17 110 66 119
17 113 67 8
17 9 68 16
17 94 69 28
17 10 70 96
17 65 71 82
17 121 72 115
17 22 73 83
17 66 74 26
17 61 75 122
17 67 76 79
17 68 77 18
17 111 78 47
17 43 79 125
17 32 80 51
17 40 81 105
17 113 82 12
17 28 83 23
17 50 84 121
17 86 85 121
17 72 86 60
17 44 87 21
17 103 88 63
17 89 89 66
17 57 90 38
17 117 91 19
17 37 92 123
17 39 93 55
17 49 94 17
17 68 95 82
17 57 96 81
17 92 97 108
17 1 98 39
17 29 99 120
17 110 100 50
18 109 19 115
18 5 20 52
18 115 21 23
18 89 22 107
18 15 23 73
18 92 24 15
18 8 25 2
18 56 26 128
18 15 27 47
18 129 28 105
18 55 29 83
18 60 30 55
18 94 31 17
18 6 32 61
18 110 33 122
18 106 34 116
18 38 35 89
18 112 36 111
18 87 37 22
18 95 38 70
18 85 39 101
18 102 40 56
18 54 41 93
18 9 42 28
18 2 43 69
18 21 44 8
18 62 45 57
18 73 46 81
18 11 47 26
18 17 48 79
18 64 49 121
18 80 50 123
18 103 51 101
18 123 52 61
18 1 53 60
18 31 54 87
18 13 55 85
18 48 56 2
18 30 57 67
18 5 58 57
18 64 59 32
18 88 60 26
18 107 61 126
18 21 62 30
18 109 63 117
18 108 64 38
18 30 65 43
18 13 66 57
18 118 67 3
18 62 68 6
18 93 69 118
18 73 70 92
18 94 71 105
18 42 72 120
18 46 73 124
18 25 74 46
18 72 75 109
18 105 76 112
18 12 77 48
18 35 78 125
18 32 79 120
18 32 80 13
18 69 81 62
18 64 82 45
18 51 83 57
18 44 84 126
18 88 85 13
18 118 86 117
18 107 87 51
18 44 88 29
18 75 89 22
18 1 90 69
18 50 91 16
18 64 92 105
18 100 93 62
18 51 94 98
18 110 95 1
18 63 96 83
18 128 97 49
18 105 98 126
18 122 99 48
18 60 100 19
19 6 20 79
19 130 21 48
19 76 22 112
19 3 23 44
19 112 24 20
19 36 25 4
19 109 26 32
19 93 27 99
19 67 28 78
19 79 29 14
19 96 30 47
19 95 31 11
19 7 32 94
19 12 33 70
19 89 34 129
19 77 35 72
19 119 36 94
19 75 37 77
19 120 38 64
19 84 39 78
19 82 40 102
19 3 41 119
19 88 42 60
19 8 43 95
19 108 44 25
19 71 45 86
19 97 46 74
19 38 47 35
19 105 48 104
19 102 49 49
19 120 50 63
19 26 51 49
19 125 52 109
19 42 53 101
19 49 54 115
19 86 55 126
19 115 56 130
19 60 57 89
19 54 58 72
19 96 59 67
19 23 60 32
19 106 61 36
19 71 62 120
19 93 63 13
19 62 64 45
19 107 65 64
19 112 66 52
19 30 67 3
19 104 68 107
19 91 69 72
19 67 70 22
19 21 71 47
19 6 72 51
19 123 73 80
19 16 74 59
19 90 75 88
19 124 76 39
19 28 77 66
19 78 78 65
19 109 79 120
19 54 80 10
19 61 81 86
19 89 82 36
19 12 83 91
19 33 84 62
19 83 85 103
19 20 86 99
19 20 87 104
19 53 88 25
19 84 89 12
19 100 90 69
19 107 91 44
19 109 92 94
19 28 93 5
19 124 94 57
19 66 95 7
19 92 96 48
19 83 97 127
19 88 98 51
19 112 99 95
19 67 100 120
20 89 21 65
20 38 22 87
20 111 23 108
20 119 24 90
20 29 25 65
20 108 26 89
20 52 27 6
20 10 28 86
20 13 29 79
20 85 30 4
20 51 31 78
20 75 32 47
20 97 33 3
20 98 34 32
20 22 35 79
20 13 36 34
20 121 37 110
20 87 38 50
20 10 39 101
20 36 40 76
20 34 41 38
20 43 42 13
20 99 43 86
20 35 44 53
20 56 45 111
20 59 46 120
20 36 47 107
20 110 48 4
20 36 49 3
20 81 50 77
20 111 51 57
20 37 52 93
20 13 53 101
20 72 54 123
20 69 55 22
20 60 56 107
20 120 57 103
20 58 58 102
20 25 59 89
20 69 60 93
20 82 61 81
20 57 62 128
20 1 63 117
20 119 64 37
20 113 65 37
20 93 66 70
20 32 67 94
20 64 68 129
20 122 69 45
20 66 70 5
20 112 71 60
20 33 72 125
20 97 73 102
20 60 74 91
20 53 75 121
20 72 76 129
20 126 77 4
20 120 78 128
20 34 79 127
20 33 80 109
20 49 81 17
20 110 82 126
20 124 83 81
20 125 84 44
20 49 85 116
20 46 86 60
20 55 87 30
20 2 88 78
20 38 89 21
20 12 90 61
20 59 91 90
20 93 92 83
20 81 93 55
20 51 94 83
20 62 95 115
20 1 96 84
20 79 97 110
20 61 98 111
20 24 99 72
20 58 100 55
21 115 22 72
21 102 23 103
21 50 24 39
21 59 25 103
21 34 26 88
21 47 27 70
21 22 28 92
21 16 29 10
21 92 30 102
21 86 31 67
21 20 32 24
21 4 33 87
21 67 34 98
21 40 35 64
21 118 36 91
21 33 37 97
21 70 38 102
21 10 39 4
21 107 40 119
21 76 41 69
21 8 42 11
21 102 43 123
21 2 44 30
21 2 45 118
21 54 46 93
21 117 47 88
21 44 48 74
21 41 49 120
21 53 50 111
21 72 51 81
21 48 52 40
21 12 53 104
21 108 54 117
21 105 55 22
21 90 56 85
21 95 57 51
21 43 58 98
21 127 59 66
21 54 60 45
21 8 61 129
21 86 62 108
21 51 63 124
21 113 64 130
21 111 65 92
21 42 66 35
21 75 67 52
21 25 68 90
21 76 69 87
21 108 70 3
21 87 71 51
21 101 72 67
21 35 73 51
21 117 74 14
21 59 75 31
21 30 76 40
21 18 77 66
21 59 78 115
21 115 79 68
21 30 80 41
21 76 81 95
21 17 82 72
21 31 83 21
21 107 84 42
21 44 85 106
21 26 86 85
21 21 87 130
21 50 88 127
21 11 89 56
21 86 90 36
21 76 91 69
21 4 92 116
21 101 93 93
21 31 94 63
21 104 95 85
21 50 96 60
21 1 97 50
21 70 98 66
21 107 99 32
21 7 100 47
22 1 23 20
22 19 24 33
22 30 25 22
22 77 26 69
22 105 27 41
22 109 28 33
22 18 29 51
22 13 30 113
22 46 31 118
22 72 32 44
22 103 33 19
22 68 34 122
22 57 35 104
22 5 36 7
22 54 37 33
22 53 38 12
22 44 39 54
22 75 40 72
22 10 41 74
22 114 42 21
22 54 43 115
22 35 44 93
22 76 45 71
22 58 46 48
22 91 47 121
22 10 48 130
22 121 49 64
22 38 50 77
22 84 51 48
22 81 52 42
22 54 53 7
22 60 54 3
22 74 55 98
22 41 56 5
22 25 57 84
22 69 58 25
22 118 59 78
22 19 60 103
22 21 61 63
22 54 62 77
22 76 63 112
22 46 64 63
22 9 65 67
22 114 66 83
22 125 67 92
22 99 68 64
22 67 69 48
22 15 70 29
22 33 71 10
22 94 72 56
22 81 73 58
22 6 74 32
22 5 75 68
22 130 76 24
22 100 77 26
22 7 78 53
22 116 79 46
22 112 80 52
22 4 81 124
22 86 82 96
22 30 83 129
22 46 84 55
22 83 85 96
22 106 86 61
22 117 87 115
22 42 88 70
22 101 89 67
22 5 90 47
22 70 91 106
22 1 92 5
22 58 93 40
22 85 94 8
22 59 95 43
22 36 96 67
22 33 97 63
22 61 98 122
22 46 99 62
22 28 100 107
23 38 24 128
23 112 25 3
23 73 26 24
23 91 27 24
23 70 28 44
23 19 29 95
23 99 30 10
23 49 31 20
23 27 32 26
23 68 33 4
23 71 34 85
23 18 35 104
23 96 36 103
23 35 37 78
23 55 38 11
23 8 39 62
23 65 40 92
23 116 41 120
23 13 42 7
23 50 43 76
23 41 44 83
23 92 45 69
23 88 46 10
23 36 47 11
23 15 48 114
23 69 49 104
23 77 50 85
23 58 51 86
23 34 52 43
23 53 53 92
23 24 54 88
23 49 55 61
23 50 56 88
23 95 57 34
23 110 58 63
23 15 59 14
23 83 60 20
23 30 61 107
23 118 62 40
23 24 63 65
23 38 64 2
23 86 65 93
23 48 66 115
23 27 67 14
23 105 68 82
23 39 69 80
23 10 70 128
23 86 71 88
23 122 72 60
23 122 73 50
23 64 74 101
23 121 75 7
23 114 76 16
23 55 77 20
23 85 78 101
23 102 79 79
23 41 80 123
23 108 81 58
23 71 82 89
23 40 83 5
23 84 84 45
23 43 85 78
23 36 86 94
23 23 87 128
23 48 88 27
23 127 89 15
23 22 90 111
23 126 91 118
23 8 92 5
23 105 93 51
23 129 94 92
23 85 95 76
23 3 96 40
23 128 97 62
23 67 98 74
23 119 99 37
23 115 100 20
24 114 25 31
24 29 26 20
24 47 27 6
24 21 28 76
24 57 29 43
24 31 30 42
24 46 31 52
24 103 32 38
24 130 33 21
24 96 34 101
24 10 35 84
24 16 36 99
24 43 37 8
24 44 38 82
24 101 39 31
24 62 40 29
24 48 41 85
24 91 42 91
24 37 43 94
24 7 44 111
24 23 45 93
24 15 46 38
24 75 47 69
24 89 48 117
24 88 49 74
24 28 50 55
24 24 51 97
24 104 52 43
24 124 53 66
24 96 54 18
24 46 55 95
24 49 56 27
24 117 57 94
24 58 58 9
24 120 59 24
24 116 60 65
24 102 61 12
24 80 62 130
24 116 63 47
24 120 64 38
24 93 65 73
24 40 66 17
24 60 67 116
24 51 68 14
24 31 69 53
24 18 70 16
24 43 71 77
24 41 72 66
24 75 73 30
24 53 74 98
24 32 75 64
24 75 76 38
24 38 77 4
24 50 78 25
24 62 79 24
24 97 80 40
24 57 81 24
24 9 82 6
24 20 83 116
24 38 84 60
24 76 85 51
24 127 86 56
24 121 87 118
24 18 88 37
24 5 89 66
24 129 90 70
24 108 91 37
24 40 92 73
24 97 93 16
24 39 94 90
24 129 95 29
24 53 96 5
24 11 97 55
24 40 98 62
24 121 99 30
24 81 100 78
25 3 26 66
25 54 27 77
25 114 28 124
25 59 29 71
25 11 30 119
25 25 31 57
25 130 32 119
25 5 33 65
25 24 34 97
25 126 35 43
25 48 36 22
25 76 37 48
25 110 38 59
25 89 39 116
25 64 40 101
25 36 41 39
25 116 42 66
25 60 43 90
25 31 44 100
25 88 45 119
25 46 46 42
25 30 47 112
25 46 48 45
25 12 49 34
25 77 50 70
25 91 51 7
25 55 52 125
25 53 53 37
25 23 54 34
25 5 55 11
25 49 56 86
25 22 57 40
25 130 58 35
25 4 59 81
25 69 60 30
25 72 61 91
25 73 62 114
25 29 63 101
25 5 64 119
25 58 65 41
25 47 66 82
25 76 67 19
25 55 68 102
25 6 69 128
25 9 70 77
25 33 71 10
25 50 72 58
25 92 73 54
25 5 74 49
25 79 75 96
25 57 76 73
25 57 77 20
25 121 78 129
25 118 79 86
25 126 80 126
25 78 81 45
25 63 82 43
25 14 83 23
25 21 84 118
25 65 85 19
25 29 86 29
25 87 87 97
25 20 88 78
25 127 89 49
25 14 90 24
25 97 91 76
25 95 92 70
25 69 93 24
25 110 94 86
25 82 95 56
25 101 96 105
25 18 97 29
25 51 98 33
25 21 99 31
25 50 100 72
26 101 27 85
26 52 28 79
26 26 29 57
26 106 30 72
26 96 31 22
26 97 32 119
26 59 33 62
26 86 34 62
26 18 35 127
26 53 36 65
26 40 37 100
26 128 38 23
26 56 39 57
26 88 40 49
26 120 41 76
26 31 42 8
26 86 43 91
26 17 44 83
26 24 45 112
26 4 46 122
26 111 47 119
26 51 48 101
26 32 49 39
26 36 50 6
26 71 51 50
26 19 52 88
26 111 53 111
26 38 54 17
26 65 55 36
26 112 56 126
26 4 57 55
26 15 58 13
26 95 59 89
26 71 60 32
26 24 61 118
26 106 62 74
26 44 63 4
26 43 64 27
26 32 65 76
26 126 66 79
26 37 67 103
26 84 68 14
26 30 69 17
26 53 70 121
26 116 71 95
26 19 72 35
26 47 73 119
26 78 74 34
26 65 75 11
26 129 76 18
26 92 77 89
26 93 78 104
26 130 79 6
26 81 80 6
26 84 81 32
26 5 82 77
26 90 83 121
26 8 84 88
26 79 85 120
26 85 86 60
26 94 87 65
26 53 88 104
26 7 89 10
26 21 90 1
26 19 91 72
26 30 92 19
26 123 93 111
26 116 94 123
26 128 95 123
26 25 96 67
26 13 97 82
26 72 98 29
26 117 99 103
26 92 100 79
27 9 28 65
27 129 29 47
27 20 30 103
27 113 31 52
27 53 32 26
27 98 33 3
27 22 34 72
27 52 35 128
27 120 36 14
27 7 37 37
27 103 38 118
27 69 39 31
27 60 40 116
27 88 41 11
27 90 42 46
27 111 43 50
27 96 44 98
27 70 45 110
27 32 46 115
27 11 47 52
27 55 48 84
27 26 49 108
27 106 50 76
27 90 51 77
27 114 52 95
27 82 53 96
27 126 54 87
27 72 55 21
27 31 56 56
27 102 57 29
27 78 58 120
27 88 59 82
27 62 60 43
27 28 61 28
27 80 62 93
27 47 63 38
27 16 64 4
27 80 65 72
27 19 66 121
27 86 67 39
27 5 68 2
27 88 69 38
27 58 70 1
27 56 71 29
27 57 72 89
27 79 73 27
27 109 74 5
27 47 75 36
27 64 76 40
27 3 77 74
27 112 78 13
27 17 79 50
27 121 80 127
27 118 81 96
27 5 82 9
27 11 83 73
27 110 84 9
27 9 85 98
27 126 86 38
27 126 87 64
27 91 88 53
27 57 89 74
27 110 90 69
27 109 91 104
27 48 92 43
27 55 93 112
27 31 94 30
27 27 95 72
27 37 96 21
27 30 97 14
27 87 98 41
27 50 99 40
27 8 100 66
28 103 29 58
28 122 30 3
28 56 31 99
28 43 32 82
28 21 33 113
28 86 34 22
28 64 35 129
28 110 36 4
28 33 37 119
28 60 38 11
28 32 39 59
28 73 40 97
28 8 41 61
28 101 42 29
28 95 43 57
28 115 44 108
28 111 45 68
28 36 46 106
28 57 47 37
28 19 48 78
28 100 49 78
28 77 50 105
28 108 51 34
28 22 52 57
28 67 53 11
28 70 54 82
28 49 55 98
28 29 56 12
28 40 57 56
28 113 58 129
28 107 59 4
28 72 60 97
28 72 61 88
28 124 62 107
28 55 63 129
28 77 64 12
28 117 65 24
28 57 66 23
28 79 67 94
28 105 68 79
28 31 69 15
28 112 70 44
28 56 71 79
28 5 72 11
28 10 73 96
28 100 74 117
28 84 75 116
28 73 76 41
28 18 77 26
28 25 78 67
28 78 79 72
28 95 80 101
28 123 81 64
28 28 82 22
28 100 83 71
28 86 84 3
28 47 85 1
28 80 86 68
28 78 87 102
28 68 88 84
28 71 89 87
28 73 90 37
28 77 91 25
28 50 92 15
28 82 93 95
28 36 94 74
28 44 95 29
28 93 96 1
28 22 97 37
28 107 98 121
28 123 99 122
28 122 100 63
29 130 30 39
29 11 31 72
29 25 32 77
29 33 33 78
29 115 34 96
29 120 35 105
29 120 36 62
29 26 37 40
29 113 38 71
29 100 39 61
29 61 40 27
29 64 41 63
29 53 42 83
29 75 43 40
29 103 44 46
29 85 45 67
29 8 46 102
29 48 47 95
29 43 48 33
29 128 49 81
29 56 50 27
29 89 51 118
29 27 52 46
29 117 53 114
29 45 54 10
29 37 55 87
29 19 56 106
29 58 57 100
29 10 58 71
29 117 59 2
29 68 60 112
29 84 61 71
29 35 62 76
29 108 63 1
29 82 64 78
29 105 65 105
29 93 66 8
29 53 67 63
29 46 68 120
29 130 69 40
29 126 70 90
29 66 71 36
29 6 72 15
29 86 73 123
29 125 74 16
29 127 75 72
29 12 76 63
29 8 77 80
29 81 78 46
29 124 79 115
29 90 80 33
29 40 81 98
29 30 82 53
29 42 83 93
29 3 84 76
29 36 85 41
29 77 86 128
29 13 87 101
29 94 88 83
29 98 89 98
29 39 90 88
29 21 91 94
29 44 92 50
29 96 93 29
29 14 94 124
29 27 95 89
29 57 96 104
29 26 97 66
29 29 98 86
29 32 99 68
29 108 100 31
30 28 31 67
30 37 32 55
30 7 33 41
30 8 34 130
30 88 35 104
30 68 36 46
30 96 37 109
30 7 38 111
30 105 39 62
30 21 40 21
30 124 41 1
30 67 42 77
30 33 43 19
30 86 44 95
30 125 45 64
30 1 46 64
30 119 47 23
30 63 48 37
30 37 49 126
30 99 50 70
30 116 51 125
30 104 52 37
30 17 53 81
30 13 54 110
30 130 55 122
30 123 56 33
30 110 57 124
30 12 58 59
30 23 59 12
30 76 60 98
30 32 61 18
30 40 62 76
30 113 63 21
30 16 64 102
30 42 65 19
30 14 66 115
30 21 67 27
30 108 68 117
30 97 69 37
30 29 70 121
30 23 71 97
30 90 72 21
30 79 73 2
30 14 74 102
30 70 75 102
30 119 76 89
30 34 77 102
30 122 78 28
30 130 79 16
30 35 80 7
30 122 81 41
30 68 82 49
30 35 83 12
30 49 84 46
30 36 85 2
30 98 86 77
30 97 87 58
30 60 88 58
30 29 89 46
30 17 90 73
30 31 91 99
30 70 92 6
30 33 93 65
30 80 94 61
30 68 95 33
30 74 96 115
30 33 97 59
30 70 98 11
30 56 99 68
30 70 100 118
31 65 32 92
31 20 33 37
31 95 34 32
31 77 35 79
31 22 36 124
31 92 37 94
31 100 38 52
31 116 39 31
31 91 40 2
31 35 41 66
31 51 42 29
31 87 43 108
31 118 44 83
31 21 45 27
31 15 46 44
31 5 47 90
31 127 48 79
31 110 49 24
31 103 50 91
31 84 51 57
31 21 52 124
31 46 53 45
31 76 54 120
31 122 55 32
31 98 56 37
31 65 57 26
31 4 58 18
31 101 59 21
31 48 60 121
31 35 61 121
31 80 62 62
31 11 63 40
31 64 64 76
31 37 65 121
31 47 66 36
31 30 67 121
31 35 68 68
31 58 69 75
31 107 70 111
31 17 71 49
31 75 72 74
31 91 73 81
31 102 74 78
31 69 75 61
31 52 76 19
31 81 77 103
31 12 78 1
31 77 79 91
31 81 80 76
31 111 81 114
31 104 82 128
31 65 83 11
31 85 84 9
31 119 85 122
31 41 86 62
31 5 87 5
31 85 88 116
31 63 89 96
31 26 90 56
31 75 91 2
31 104 92 78
31 79 93 25
31 115 94 116
31 61 95 26
31 9 96 66
31 63 97 42
31 52 98 112
31 121 99 127
31 119 100 7
32 68 33 109
32 113 34 29
32 15 35 73
32 38 36 68
32 124 37 77
32 78 38 64
32 11 39 69
32 93 40 52
32 38 41 89
32 114 42 78
32 13 43 98
32 10 44 123
32 104 45 75
32 72 46 62
32 69 47 95
32 73 48 60
32 89 49 7
32 79 50 56
32 123 51 103
32 50 52 116
32 50 53 117
32 55 54 128
32 49 55 61
32 19 56 18
32 95 57 86
32 54 58 3
32 125 59 108
32 53 60 64
32 125 61 99
32 63 62 124
32 54 63 64
32 70 64 6
32 61 65 12
32 115 66 18
32 4 67 54
32 41 68 34
32 31 69 54
32 114 70 96
32 113 71 80
32 36 72 2
32 5 73 78
32 55 74 89
32 23 75 130
32 99 76 108
32 101 77 18
32 81 78 31
32 37 79 24
32 36 80 20
32 37 81 98
32 22 82 20
32 54 83 41
32 94 84 62
32 27 85 85
32 34 86 77
32 79 87 9
32 87 88 69
32 28 89 84
32 83 90 12
32 119 91 50
32 67 92 51
32 82 93 89
32 113 94 17
32 37 95 118
32 85 96 18
32 38 97 74
32 114 98 106
32 38 99 92
32 46 100 77
33 24 34 64
33 73 35 80
33 18 36 102
33 55 37 29
33 41 38 46
33 96 39 8
33 58 40 29
33 117 41 32
33 49 42 9
33 127 43 100
33 118 44 85
33 28 45 82
33 58 46 25
33 116 47 12
33 89 48 95
33 29 49 32
33 111 50 112
33 84 51 102
33 130 52 129
33 44 53 9
33 17 54 41
33 69 55 9
33 41 56 74
33 83 57 56
33 25 58 90
33 45 59 80
33 31 60 12
33 37 61 73
33 84 62 89
33 53 63 23
33 54 64 42
33 24 65 82
33 53 66 34
33 32 67 108
33 117 68 53
33 93 69 76
33 84 70 3
33 77 71 31
33 86 72 125
33 84 73 29
33 109 74 111
33 123 75 128
33 70 76 9
33 98 77 29
33 52 78 24
33 66 79 21
33 102 80 105
33 9 81 89
33 67 82 24
33 77 83 41
33 116 84 53
33 56 85 39
33 70 86 70
33 64 87 2
33 31 88 26
33 6 89 17
33 15 90 9
33 18 91 129
33 27 92 85
33 108 93 115
33 5 94 79
33 53 95 43
33 2 96 106
33 130 97 62
33 102 98 69
33 121 99 76
33 115 100 88
34 27 35 46
34 48 36 55
34 80 37 91
34 107 38 78
34 86 39 86
34 84 40 122
34 76 41 103
34 88 42 111
34 59 43 54
34 97 44 92
34 68 45 112
34 43 46 98
34 36 47 67
34 13 48 15
34 103 49 27
34 73 50 128
34 52 51 129
34 89 52 120
34 67 53 2
34 88 54 66
34 58 55 23
34 125 56 41
34 22 57 3
34 57 58 82
34 44 59 80
34 62 60 23
34 120 61 111
34 48 62 104
34 119 63 26
34 53 64 61
34 59 65 91
34 90 66 125
34 115 67 110
34 112 68 48
34 114 69 52
34 74 70 69
34 110 71 41
34 44 72 69
34 21 73 1
34 80 74 100
34 122 75 64
34 45 76 12
34 116 77 112
34 8 78 92
34 23 79 104
34 65 80 60
34 55 81 81
34 61 82 24
34 72 83 39
34 91 84 42
34 111 85 56
34 97 86 34
34 103 87 90
34 90 88 10
34 110 89 123
34 57 90 40
34 51 91 102
34 84 92 101
34 63 93 36
34 10 94 91
34 21 95 85
34 36 96 74
34 98 97 75
34 114 98 96
34 8 99 40
34 95 100 74
35 108 36 118
35 78 37 61
35 71 38 81
35 73 39 37
35 77 40 50
35 22 41 130
35 101 42 128
35 34 43 105
35 66 44 34
35 119 45 43
35 117 46 86
35 31 47 24
35 120 48 85
35 124 49 14
35 88 50 127
35 115 51 88
35 19 52 66
35 16 53 62
35 99 54 89
35 9 55 89
35 89 56 45
35 42 57 30
35 5 58 59
35 92 59 75
35 118 60 70
35 26 61 81
35 104 62 105
35 59 63 56
35 70 64 93
35 90 65 52
35 10 66 28
35 94 67 74
35 5 68 28
35 116 69 110
35 68 70 103
35 17 71 125
35 25 72 27
35 85 73 59
35 4 74 29
35 99 75 47
35 127 76 121
35 95 77 125
35 50 78 101
35 64 79 23
35 75 80 120
35 18 81 23
35 96 82 84
35 111 83 111
35 90 84 100
35 72 85 97
35 92 86 28
35 54 87 89
35 18 88 116
35 15 89 9
35 56 90 21
35 11 91 114
35 108 92 53
35 23 93 106
35 129 94 28
35 18 95 86
35 108 96 73
35 27 97 35
35 15 98 74
35 43 99 7
35 104 100 105
36 2 37 115
36 74 38 65
36 50 39 56
36 64 40 91
36 111 41 65
36 48 42 119
36 41 43 122
36 98 44 26
36 53 45 64
36 20 46 96
36 39 47 71
36 105 48 128
36 71 49 65
36 72 50 120
36 94 51 114
36 98 52 45
36 110 53 96
36 21 54 41
36 2 55 30
36 94 56 85
36 73 57 112
36 103 58 12
36 37 59 114
36 47 60 71
36 36 61 90
36 30 62 66
36 63 63 75
36 9 64 5
36 124 65 3
36 116 66 80
36 125 67 88
36 53 68 84
36 125 69 104
36 3 70 74
36 28 71 126
36 108 72 97
36 108 73 101
36 84 74 80
36 21 75 15
36 105 76 1
36 66 77 56
36 130 78 5
36 9 79 129
36 2 80 9
36 89 81 2
36 90 82 118
36 72 83 83
36 57 84 12
36 86 85 66
36 62 86 60
36 26 87 113
36 83 88 39
36 119 89 4
36 18 90 37
36 37 91 9
36 64 92 123
36 127 93 103
36 102 94 64
36 73 95 5
36 7 96 103
36 91 97 31
36 114 98 96
36 108 99 32
36 98 100 40
37 100 38 63
37 46 39 29
37 67 40 125
37 128 41 129
37 36 42 55
37 63 43 16
37 9 44 72
37 45 45 127
37 61 46 5
37 9 47 16
37 119 48 3
37 34 49 16
37 112 50 79
37 111 51 17
37 57 52 89
37 22 53 78
37 106 54 26
37 21 55 68
37 66 56 43
37 97 57 19
37 34 58 101
37 43 59 30
37 26 60 42
37 47 61 88
37 103 62 87
37 89 63 56
37 71 64 92
37 41 65 123
37 9 66 52
37 11 67 21
37 99 68 66
37 91 69 32
37 99 70 74
37 116 71 111
37 129 72 35
37 6 73 83
37 112 74 33
37 75 75 49
37 6 76 8
37 94 77 121
37 47 78 109
37 70 79 53
37 45 80 117
37 39 81 111
37 1 82 54
37 119 83 49
37 81 84 99
37 43 85 80
37 61 86 50
37 84 87 29
37 112 88 59
37 92 89 90
37 8 90 94
37 101 91 37
37 27 92 14
37 122 93 65
37 118 94 74
37 60 95 62
37 42 96 33
37 87 97 98
37 17 98 43
37 12 99 75
37 25 100 97
38 17 39 55
38 83 40 85
38 14 41 101
38 60 42 65
38 28 43 105
38 11 44 68
38 81 45 129
38 63 46 38
38 111 47 73
38 4 48 51
38 84 49 41
38 9 50 46
38 88 51 40
38 115 52 25
38 122 53 100
38 24 54 9
38 93 55 9
38 109 56 107
38 41 57 106
38 81 58 39
38 106 59 69
38 67 60 92
38 129 61 57
38 129 62 130
38 50 63 110
38 20 64 2
38 48 65 3
38 42 66 29
38 54 67 6
38 105 68 26
38 35 69 46
38 54 70 129
38 106 71 127
38 103 72 32
38 70 73 17
38 85 74 54
38 15 75 46
38 102 76 21
38 20 77 14
38 124 78 100
38 102 79 70
38 73 80 14
38 42 81 19
38 25 82 115
38 11 83 95
38 11 84 129
38 128 85 45
38 42 86 64
38 96 87 103
38 119 88 15
38 68 89 35
38 81 90 74
38 95 91 83
38 97 92 52
38 22 93 115
38 54 94 90
38 103 95 124
38 12 96 127
38 111 97 15
38 110 98 36
38 35 99 121
38 36 100 120
39 53 40 33
39 5 41 77
39 91 42 18
39 53 43 124
39 68 44 29
39 111 45 3
39 55 46 32
39 16 47 78
39 37 48 77
39 70 49 70
39 66 50 10
39 24 51 82
39 118 52 47
39 37 53 4
39 123 54 22
39 55 55 72
39 19 56 46
39 64 57 59
39 53 58 110
39 8 59 117
39 119 60 120
39 22 61 119
39 66 62 44
39 120 63 37
39 107 64 103
39 112 65 59
39 10 66 43
39 89 67 6
39 10 68 127
39 19 69 126
39 67 70 3
39 48 71 73
39 2 72 86
39 65 73 112
39 98 74 55
39 45 75 73
39 62 76 87
39 130 77 66
39 103 78 128
39 100 79 120
39 49 80 80
39 122 81 82
39 88 82 59
39 56 83 80
39 75 84 97
39 100 85 75
39 18 86 12
39 97 87 17
39 128 88 19
39 74 89 32
39 105 90 96
39 52 91 118
39 54 92 36
39 33 93 52
39 41 94 27
39 106 95 3
39 85 96 90
39 18 97 97
39 46 98 43
39 9 99 74
39 18 100 121
40 2 41 108
40 125 42 35
40 54 43 99
40 1 44 123
40 88 45 128
40 115 46 105
40 11 47 10
40 61 48 39
40 65 49 44
40 46 50 102
40 62 51 40
40 7 52 1
40 43 53 79
40 23 54 52
40 42 55 52
40 30 56 40
40 75 57 44
40 12 58 24
40 17 59 128
40 125 60 12
40 117 61 105
40 115 62 110
40 19 63 127
40 40 64 45
40 17 65 83
40 123 66 85
40 86 67 78
40 27 68 129
40 51 69 128
40 49 70 49
40 88 71 92
40 6 72 78
40 102 73 33
40 30 74 17
40 29 75 119
40 94 76 25
40 5 77 15
40 11 78 78
40 123 79 23
40 105 80 50
40 5 81 9
40 87 82 98
40 96 83 90
40 87 84 113
40 32 85 16
40 108 86 6
40 84 87 119
40 22 88 113
40 130 89 56
40 44 90 52
40 76 91 28
40 42 92 7
40 85 93 81
40 103 94 53
40 102 95 77
40 86 96 78
40 45 97 107
40 67 98 42
40 24 99 11
40 26 100 24
41 29 42 55
41 44 43 4
41 116 44 112
41 38 45 66
41 117 46 115
41 13 47 81
41 88 48 62
41 13 49 55
41 107 50 42
41 119 51 115
41 63 52 79
41 55 53 74
41 115 54 107
41 118 55 121
41 14 56 9
41 64 57 14
41 17 58 43
41 25 59 108
41 43 60 2
41 117 61 62
41 12 62 29
41 91 63 129
41 53 64 100
41 12 65 103
41 88 66 30
41 108 67 130
41 73 68 20
41 127 69 33
41 24 70 57
41 66 71 114
41 127 72 37
41 80 73 129
41 106 74 13
41 15 75 104
41 35 76 19
41 47 77 2
41 130 78 47
41 17 79 8
41 111 80 53
41 82 81 28
41 27 82 68
41 87 83 60
41 93 84 99
41 26 85 84
41 68 86 116
41 23 87 91
41 90 88 64
41 77 89 102
41 76 90 66
41 84 91 92
41 93 92 111
41 28 93 1
41 9 94 93
41 16 95 44
41 71 96 119
41 56 97 97
41 27 98 98
41 67 99 13
41 96 100 119
42 104 43 93
42 53 44 34
42 97 45 126
42 98 46 13
42 78 47 44
42 6 48 43
42 23 49 32
42 32 50 98
42 60 51 50
42 94 52 41
42 29 53 75
42 42 54 35
42 2 55 84
42 96 56 69
42 58 57 69
42 31 58 62
42 95 59 31
42 27 60 84
42 96 61 62
42 106 62 125
42 37 63 44
42 75 64 111
42 79 65 60
42 110 66 107
42 17 67 8
42 83 68 73
42 107 69 45
42 129 70 125
42 64 71 109
42 47 72 95
42 27 73 121
42 22 74 77
42 31 75 122
42 54 76 48
42 43 77 127
42 40 78 29
42 9 79 79
42 9 80 115
42 92 81 87
42 95 82 118
42 60 83 109
42 24 84 48
42 43 85 36
42 15 86 22
42 117 87 106
42 96 88 61
42 8 89 13
42 5 90 118
42 35 91 38
42 34 92 58
42 86 93 78
42 27 94 74
42 59 95 95
42 52 96 35
42 22 97 20
42 129 98 17
42 64 99 82
42 118 100 22
43 44 44 107
43 82 45 2
43 62 46 30
43 43 47 48
43 35 48 70
43 107 49 47
43 104 50 70
43 18 51 11
43 85 52 60
43 24 53 44
43 78 54 13
43 33 55 76
43 92 56 100
43 51 57 31
43 52 58 26
43 2 59 38
43 39 60 96
43 126 61 84
43 2 62 101
43 40 63 38
43 85 64 37
43 107 65 17
43 28 66 59
43 118 67 124
43 37 68 112
43 125 69 12
43 87 70 115
43 84 71 27
43 57 72 49
43 74 73 4
43 41 74 109
43 75 75 76
43 29 76 80
43 50 77 70
43 108 78 31
43 68 79 89
43 106 80 62
43 120 81 44
43 37 82 3
43 114 83 108
43 120 84 74
43 58 85 108
43 5 86 76
43 124 87 11
43 15 88 62
43 41 89 68
43 13 90 55
43 5 91 115
43 54 92 42
43 72 93 54
43 13 94 31
43 93 95 9
43 53 96 118
43 121 97 83
43 61 98 90
43 33 99 104
43 82 100 50
44 125 45 91
44 102 46 87
44 18 47 119
44 56 48 116
44 40 49 58
44 43 50 68
44 109 51 45
44 98 52 96
44 127 53 51
44 60 54 111
44 99 55 90
44 43 56 112
44 72 57 89
44 63 58 103
44 22 59 105
44 65 60 14
44 101 61 17
44 5 62 36
44 21 63 118
44 46 64 61
44 128 65 61
44 105 66 88
44 54 67 107
44 28 68 73
44 54 69 51
44 10 70 87
44 69 71 22
44 110 72 52
44 25 73 11
44 115 74 43
44 57 75 46
44 63 76 49
44 85 77 27
44 14 78 68
44 128 79 105
44 36 80 59
44 17 81 126
44 102 82 11
44 83 83 70
44 120 84 130
44 87 85 6
44 28 86 130
44 52 87 26
44 36 88 8
44 50 89 76
44 122 90 20
44 69 91 106
44 2 92 54
44 121 93 23
44 128 94 16
44 75 95 118
44 114 96 33
44 43 97 91
44 30 98 85
44 85 99 126
44 2 100 20
45 19 46 41
45 66 47 29
45 36 48 70
45 15 49 101
45 121 50 85
45 61 51 7
45 61 52 59
45 82 53 63
45 78 54 51
45 39 55 79
45 112 56 23
45 114 57 22
45 107 58 25
45 21 59 13
45 33 60 61
45 102 61 22
45 50 62 51
45 120 63 37
45 8 64 85
45 40 65 5
45 11 66 129
45 57 67 100
45 32 68 72
45 122 69 9
45 88 70 110
45 3 71 31
45 53 72 69
45 94 73 116
45 129 74 30
45 91 75 114
45 5 76 31
45 81 77 62
45 98 78 55
45 10 79 71
45 76 80 106
45 104 81 49
45 18 82 87
45 28 83 31
45 39 84 50
45 29 85 19
45 50 86 126
45 65 87 32
45 17 88 102
45 2 89 29
45 12 90 15
45 45 91 92
45 23 92 17
45 72 93 126
45 66 94 121
45 96 95 81
45 129 96 11
45 97 97 70
45 100 98 17
45 66 99 124
45 13 100 9
46 5 47 95
46 126 48 62
46 34 49 70
46 98 50 12
46 27 51 35
46 126 52 110
46 127 53 71
46 66 54 19
46 9 55 68
46 19 56 2
46 12 57 105
46 44 58 17
46 33 59 109
46 102 60 14
46 23 61 99
46 63 62 114
46 46 63 27
46 96 64 59
46 71 65 80
46 114 66 64
46 43 67 97
46 38 68 110
46 128 69 39
46 107 70 103
46 105 71 7
46 111 72 125
46 12 73 116
46 95 74 25
46 38 75 44
46 13 76 66
46 50 77 60
46 87 78 75
46 4 79 96
46 45 80 52
46 115 81 74
46 40 82 28
46 8 83 28
46 67 84 77
46 50 85 6
46 12 86 44
46 38 87 24
46 10 88 123
46 17 89 50
46 94 90 104
46 40 91 54
46 114 92 106
46 51 93 89
46 54 94 70
46 122 95 54
46 127 96 99
46 127 97 107
46 4 98 37
46 113 99 4
46 10 100 70
47 114 48 33
47 57 49 21
47 13 50 21
47 70 51 66
47 40 52 29
47 83 53 34
47 9 54 80
47 39 55 66
47 6 56 59
47 112 57 93
47 61 58 127
47 103 59 109
47 15 60 57
47 61 61 106
47 46 62 128
47 30 63 70
47 90 64 29
47 50 65 86
47 22 66 103
47 2 67 120
47 23 68 62
47 11 69 84
47 20 70 32
47 90 71 49
47 11 72 25
47 22 73 72
47 50 74 72
47 128 75 124
47 100 76 65
47 62 77 58
47 128 78 16
47 45 79 92
47 48 80 88
47 60 81 95
47 85 82 69
47 130 83 62
47 16 84 108
47 9 85 11
47 60 86 35
47 60 87 99
47 40 88 71
47 12 89 82
47 76 90 90
47 25 91 10
47 68 92 45
47 61 93 87
47 48 94 65
47 22 95 106
47 71 96 95
47 34 97 82
47 13 98 25
47 2 99 34
47 44 100 28
48 63 49 11
48 109 50 104
48 44 51 123
48 74 52 19
48 109 53 55
48 65 54 19
48 64 55 3
48 89 56 2
48 66 57 125
48 100 58 7
48 101 59 87
48 38 60 41
48 65 61 5
48 38 62 50
48 78 63 67
48 78 64 82
48 55 65 10
48 3 66 56
48 75 67 98
48 23 68 77
48 95 69 53
48 56 70 87
48 88 71 29
48 24 72 15
48 21 73 23
48 110 74 123
48 33 75 122
48 126 76 17
48 67 77 98
48 35 78 34
48 115 79 15
48 25 80 112
48 38 81 39
48 6 82 27
48 103 83 112
48 35 84 29
48 115 85 68
48 97 86 90
48 104 87 72
48 95 88 120
48 113 89 125
48 116 90 74
48 91 91 16
48 113 92 112
48 15 93 27
48 42 94 17
48 129 95 129
48 38 96 66
48 92 97 36
48 17 98 43
48 72 99 65
48 3 100 51
49 11 50 56
49 128 51 99
49 88 52 114
49 109 53 92
49 35 54 70
49 85 55 94
49 76 56 126
49 23 57 68
49 85 58 90
49 89 59 64
49 129 60 83
49 118 61 126
49 39 62 91
49 25 63 5
49 56 64 110
49 35 65 27
49 126 66 66
49 50 67 32
49 124 68 83
49 23 69 28
49 122 70 29
49 24 71 108
49 45 72 67
49 26 73 46
49 109 74 129
49 82 75 114
49 109 76 108
49 68 77 70
49 74 78 18
49 127 79 93
49 120 80 129
49 65 81 31
49 63 82 115
49 67 83 115
49 12 84 57
49 85 85 89
49 66 86 3
49 70 87 109
49 24 88 111
49 110 89 95
49 79 90 3
49 110 91 61
49 1 92 58
49 75 93 47
49 9 94 74
49 73 95 72
49 103 96 128
49 112 97 8
49 122 98 35
49 92 99 49
49 8 100 3
50 6 51 46
50 24 52 74
50 54 53 76
50 40 54 48
50 50 55 34
50 95 56 119
50 47 57 30
50 77 58 95
50 39 59 122
50 63 60 85
50 83 61 112
50 119 62 35
50 70 63 65
50 114 64 110
50 113 65 31
50 77 66 121
50 65 67 119
50 64 68 101
50 18 69 119
50 22 70 104
50 93 71 68
50 98 72 116
50 81 73 9
50 1 74 44
50 128 75 119
50 100 76 63
50 98 77 81
50 16 78 88
50 68 79 37
50 68 80 129
50 120 81 51
50 39 82 14
50 114 83 54
50 42 84 103
50 76 85 2
50 70 86 64
50 50 87 39
50 47 88 37
50 80 89 130
50 119 90 48
50 110 91 78
50 28 92 88
50 46 93 77
50 114 94 43
50 42 95 114
50 34 96 52
50 65 97 31
50 85 98 73
50 46 99 49
50 51 100 126
51 60 52 122
51 30 53 121
51 27 54 109
51 109 55 77
51 124 56 107
51 54 57 97
51 55 58 103
51 50 59 82
51 125 60 101
51 85 61 34
51 85 62 36
51 67 63 119
51 62 64 20
51 69 65 21
51 17 66 107
51 98 67 119
51 109 68 76
51 55 69 127
51 73 70 6
51 112 71 34
51 1 72 67
51 39 73 36
51 117 74 56
51 27 75 89
51 122 76 111
51 17 77 111
51 100 78 77
51 96 79 83
51 103 80 31
51 8 81 34
51 23 82 120
51 65 83 105
51 102 84 2
51 8 85 120
51 23 86 45
51 111 87 119
51 24 88 24
51 79 89 20
51 108 90 11
51 122 91 105
51 86 92 100
51 47 93 8
51 91 94 55
51 85 95 13
51 46 96 64
51 53 97 92
51 67 98 69
51 71 99 118
51 107 100 39
52 83 53 78
52 67 54 130
52 23 55 64
52 83 56 91
52 101 57 102
52 77 58 61
52 31 59 92
52 100 60 32
52 87 61 77
52 89 62 60
52 123 63 41
52 3 64 5
52 74 65 45
52 33 66 70
52 108 67 14
52 92 68 9
52 9 69 61
52 124 70 28
52 118 71 32
52 3 72 77
52 7 73 88
52 50 74 80
52 111 75 38
52 115 76 19
52 79 77 67
52 108 78 74
52 79 79 71
52 116 80 111
52 50 81 22
52 36 82 18
52 27 83 28
52 88 84 127
52 25 85 35
52 67 86 82
52 28 87 12
52 100 88 69
52 19 89 35
52 72 90 20
52 38 91 129
52 66 92 56
52 130 93 116
52 57 94 44
52 24 95 78
52 100 96 42
52 60 97 74
52 102 98 5
52 2 99 86
52 121 100 59
53 11 54 27
53 39 55 57
53 126 56 38
53 72 57 8
53 27 58 14
53 13 59 13
53 69 60 65
53 51 61 78
53 121 62 69
53 16 63 107
53 19 64 15
53 89 65 115
53 120 66 78
53 34 67 60
53 119 68 122
53 18 69 24
53 80 70 129
53 37 71 56
53 64 72 75
53 89 73 108
53 121 74 90
53 25 75 101
53 49 76 60
53 128 77 75
53 51 78 40
53 55 79 13
53 128 80 69
53 17 81 13
53 73 82 117
53 109 83 50
53 73 84 62
53 61 85 126
53 51 86 23
53 98 87 97
53 74 88 114
53 74 89 56
53 26 90 65
53 124 91 99
53 43 92 75
53 114 93 122
53 4 94 93
53 32 95 38
53 50 96 2
53 119 97 48
53 97 98 123
53 54 99 97
53 93 100 40
54 62 55 114
54 81 56 14
54 128 57 29
54 85 58 25
54 89 59 71
54 39 60 111
54 55 61 83
54 74 62 82
54 44 63 38
54 75 64 78
54 79 65 76
54 124 66 125
54 118 67 68
54 34 68 90
54 130 69 41
54 25 70 126
54 10 71 61
54 90 72 106
54 130 73 7
54 77 74 44
54 24 75 88
54 41 76 116
54 67 77 79
54 116 78 114
54 61 79 111
54 57 80 61
54 56 81 10
54 77 82 50
54 10 83 43
54 84 84 111
54 107 85 9
54 70 86 108
54 84 87 116
54 122 88 29
54 73 89 83
54 41 90 69
54 55 91 97
54 45 92 81
54 65 93 122
54 103 94 31
54 91 95 125
54 5 96 29
54 78 97 16
54 58 98 81
54 62 99 87
54 96 100 11
55 119 56 38
55 24 57 35
55 64 58 72
55 25 59 16
55 84 60 7
55 103 61 65
55 16 62 8
55 130 63 18
55 48 64 80
55 75 65 102
55 130 66 8
55 24 67 79
55 30 68 78
55 35 69 81
55 92 70 91
55 129 71 130
55 35 72 81
55 23 73 23
55 38 74 99
55 105 75 47
55 111 76 121
55 129 77 78
55 95 78 127
55 76 79 128
55 100 80 12
55 20 81 20
55 98 82 99
55 47 83 43
55 124 84 128
55 89 85 81
55 81 86 85
55 36 87 87
55 110 88 115
55 83 89 58
55 104 90 17
55 8 91 58
55 5 92 85
55 81 93 7
55 5 94 99
55 111 95 26
55 46 96 104
55 73 97 130
55 43 98 13
55 11 99 119
55 70 100 36
56 121 57 99
56 56 58 20
56 5 59 26
56 83 60 35
56 51 61 88
56 15 62 56
56 11 63 59
56 65 64 20
56 118 65 91
56 116 66 69
56 42 67 99
56 99 68 31
56 44 69 114
56 103 70 11
56 47 71 54
56 23 72 42
56 61 73 37
56 63 74 78
56 112 75 65
56 22 76 15
56 71 77 33
56 91 78 37
56 56 79 81
56 41 80 25
56 93 81 44
56 12 82 27
56 58 83 5
56 118 84 111
56 121 85 102
56 26 86 91
56 2 87 37
56 74 88 48
56 125 89 62
56 127 90 6
56 21 91 107
56 9 92 18
56 54 93 91
56 42 94 99
56 124 95 109
56 22 96 83
56 110 97 87
56 91 98 34
56 14 99 37
56 9 100 79
57 39 58 5
57 42 59 34
57 81 60 40
57 102 61 116
57 121 62 76
57 52 63 98
57 116 64 11
57 102 65 60
57 29 66 39
57 18 67 14
57 96 68 23
57 109 69 40
57 74 70 75
57 112 71 69
57 17 72 87
57 92 73 120
57 24 74 56
57 95 75 3
57 118 76 104
57 50 77 67
57 34 78 109
57 120 79 101
57 31 80 19
57 58 81 92
57 105 82 60
57 82 83 76
57 115 84 71
57 15 85 61
57 129 86 59
57 16 87 127
57 116 88 16
57 71 89 107
57 110 90 9
57 113 91 36
57 102 92 98
57 76 93 32
57 3 94 6
57 25 95 66
57 27 96 34
57 94 97 82
57 27 98 2
57 72 99 46
57 106 100 12
58 70 59 87
58 83 60 104
58 120 61 85
58 62 62 68
58 77 63 61
58 97 64 42
58 9 65 60
58 92 66 69
58 74 67 85
58 20 68 94
58 128 69 98
58 50 70 46
58 48 71 91
58 6 72 76
58 88 73 119
58 75 74 111
58 85 75 28
58 113 76 27
58 95 77 74
58 5 78 44
58 86 79 42
58 101 80 101
58 39 81 94
58 48 82 62
58 25 83 112
58 80 84 67
58 113 85 23
58 114 86 129
58 75 87 30
58 19 88 119
58 100 89 33
58 60 90 93
58 120 91 55
58 129 92 42
58 86 93 84
58 125 94 3
58 103 95 41
58 5 96 95
58 27 97 11
58 123 98 52
58 119 99 52
58 74 100 72
59 70 60 102
59 1 61 57
59 46 62 15
59 47 63 20
59 112 64 15
59 70 65 107
59 19 66 101
59 55 67 68
59 70 68 104
59 15 69 50
59 14 70 42
59 52 71 20
59 71 72 41
59 92 73 44
59 116 74 60
59 31 75 35
59 92 76 55
59 70 77 32
59 51 78 7
59 22 79 117
59 93 80 32
59 3 81 91
59 28 82 111
59 85 83 58
59 107 84 97
59 8 85 100
59 119 86 121
59 31 87 60
59 104 88 60
59 119 89 122
59 27 90 89
59 14 91 19
59 50 92 118
59 124 93 83
59 69 94 100
59 2 95 15
59 106 96 32
59 12 97 5
59 62 98 3
59 100 99 96
59 65 100 38
60 29 61 108
60 37 62 54
60 113 63 59
60 50 64 10
60 98 65 101
60 119 66 76
60 64 67 111
60 64 68 39
60 9 69 57
60 72 70 3
60 34 71 11
60 15 72 47
60 50 73 45
60 11 74 77
60 115 75 20
60 127 76 76
60 129 77 13
60 71 78 33
60 43 79 111
60 82 80 121
60 67 81 11
60 122 82 71
60 109 83 130
60 57 84 55
60 57 85 117
60 128 86 129
60 45 87 90
60 5 88 13
60 89 89 95
60 114 90 15
60 90 91 74
60 86 92 110
60 13 93 89
60 70 94 27
60 18 95 56
60 66 96 21
60 91 97 84
60 84 98 58
60 112 99 70
60 57 100 10
61 8 62 39
61 129 63 54
61 66 64 53
61 18 65 3
61 17 66 24
61 97 67 2
61 111 68 107
61 65 69 53
61 79 70 124
61 50 71 4
61 25 72 97
61 50 73 115
61 42 74 115
61 55 75 4
61 14 76 24
61 62 77 111
61 34 78 22
61 75 79 60
61 63 80 99
61 123 81 92
61 93 82 80
61 56 83 90
61 13 84 74
61 68 85 121
61 125 86 92
61 58 87 117
61 102 88 19
61 4 89 108
61 111 90 14
61 38 91 58
61 38 92 125
61 16 93 99
61 29 94 72
61 41 95 90
61 52 96 92
61 41 97 34
61 123 98 14
61 88 99 97
61 87 100 6
62 97 63 26
62 12 64 82
62 101 65 24
62 2 66 114
62 127 67 104
62 32 68 112
62 107 69 34
62 3 70 70
62 11 71 122
62 82 72 32
62 123 73 51
62 84 74 3
62 17 75 34
62 130 76 77
62 82 77 104
62 130 78 87
62 38 79 49
62 72 80 11
62 124 81 8
62 112 82 74
62 55 83 121
62 25 84 14
62 83 85 32
62 23 86 27
62 59 87 94
62 15 88 104
62 107 89 51
62 84 90 99
62 46 91 123
62 97 92 84
62 40 93 128
62 46 94 96
62 107 95 78
62 86 96 118
62 61 97 101
62 91 98 67
62 81 99 116
62 17 100 115
63 12 64 34
63 128 65 40
63 14 66 70
63 121 67 12
63 111 68 120
63 113 69 75
63 28 70 26
63 23 71 80
63 45 72 67
63 15 73 69
63 56 74 22
63 122 75 100
63 37 76 117
63 102 77 83
63 68 78 117
63 20 79 119
63 28 80 79
63 19 81 17
63 29 82 41
63 31 83 9
63 83 84 9
63 35 85 13
63 92 86 111
63 48 87 58
63 126 88 7
63 28 89 62
63 31 90 52
63 38 91 20
63 102 92 67
63 54 93 10
63 128 94 39
63 118 95 73
63 90 96 26
63 66 97 7
63 15 98 119
63 127 99 97
63 109 100 98
64 79 65 32
64 89 66 71
64 77 67 126
64 57 68 85
64 7 69 105
64 124 70 88
64 24 71 44
64 54 72 96
64 5 73 77
64 20 74 51
64 77 75 122
64 129 76 110
64 98 77 12
64 108 78 14
64 111 79 95
64 126 80 87
64 27 81 60
64 55 82 85
64 40 83 104
64 78 84 112
64 69 85 46
64 89 86 72
64 37 87 93
64 39 88 13
64 64 89 41
64 33 90 59
64 38 91 10
64 22 92 31
64 44 93 6
64 100 94 129
64 86 95 25
64 84 96 96
64 51 97 113
64 86 98 9
64 120 99 90
64 5 100 34
65 105 66 58
65 21 67 94
65 106 68 12
65 52 69 60
65 118 70 39
65 49 71 85
65 115 72 26
65 31 73 70
65 69 74 29
65 53 75 1
65 97 76 24
65 6 77 6
65 15 78 17
65 106 79 92
65 125 80 4
65 62 81 111
65 75 82 100
65 111 83 82
65 12 84 51
65 90 85 33
65 117 86 129
65 25 87 8
65 77 88 102
65 130 89 56
65 56 90 15
65 39 91 52
65 58 92 22
65 39 93 44
65 6 94 72
65 76 95 15
65 125 96 1
65 100 97 8
65 89 98 69
65 120 99 81
65 114 100 100
66 99 67 79
66 86 68 100
66 71 69 124
66 49 70 32
66 47 71 71
66 122 72 105
66 127 73 85
66 129 74 50
66 122 75 35
66 50 76 4
66 4 77 67
66 74 78 44
66 113 79 104
66 55 80 33
66 3 81 102
66 50 82 38
66 7 83 102
66 95 84 6
66 37 85 78
66 18 86 14
66 118 87 84
66 38 88 10
66 59 89 115
66 20 90 36
66 39 91 50
66 117 92 69
66 112 93 43
66 16 94 61
66 94 95 95
66 67 96 70
66 108 97 96
66 68 98 117
66 122 99 114
66 62 100 33
67 46 68 29
67 112 69 79
67 89 70 34
67 18 71 19
67 54 72 17
67 67 73 37
67 106 74 93
67 6 75 54
67 114 76 88
67 52 77 22
67 91 78 78
67 43 79 119
67 105 80 69
67 52 81 111
67 13 82 97
67 125 83 113
67 62 84 59
67 92 85 106
67 125 86 20
67 37 87 110
67 17 88 49
67 12 89 104
67 27 90 122
67 79 91 17
67 38 92 11
67 88 93 1
67 119 94 129
67 67 95 1
67 111 96 94
67 60 97 119
67 102 98 124
67 52 99 54
67 30 100 33
68 53 69 14
68 123 70 25
68 73 71 89
68 63 72 10
68 1 73 84
68 100 74 89
68 100 75 80
68 80 76 8
68 6 77 57
68 58 78 69
68 32 79 72
68 60 80 39
68 32 81 91
68 14 82 31
68 64 83 84
68 97 84 44
68 68 85 116
68 75 86 90
68 99 87 11
68 95 88 8
68 96 89 100
68 49 90 65
68 72 91 66
68 122 92 129
68 67 93 77
68 19 94 50
68 88 95 98
68 58 96 78
68 109 97 120
68 73 98 72
68 116 99 42
68 28 100 39
69 129 70 53
69 64 71 103
69 110 72 98
69 67 73 28
69 92 74 76
69 11 75 116
69 115 76 33
69 109 77 3
69 52 78 51
69 18 79 128
69 75 80 9
69 128 81 76
69 18 82 53
69 95 83 71
69 110 84 3
69 56 85 123
69 95 86 108
69 75 87 119
69 16 88 74
69 20 89 12
69 128 90 108
69 10 91 30
69 32 92 112
69 32 93 119
69 116 94 84
69 93 95 50
69 126 96 61
69 114 97 90
69 31 98 13
69 16 99 78
69 70 100 10
70 118 71 71
70 60 72 35
70 109 73 63
70 74 74 76
70 53 75 128
70 27 76 72
70 53 77 62
70 51 78 59
70 12 79 85
70 5 80 36
70 97 81 104
70 64 82 130
70 13 83 80
70 28 84 94
70 104 85 28
70 99 86 98
70 2 87 91
70 23 88 28
70 103 89 111
70 108 90 97
70 38 91 26
70 87 92 5
70 63 93 91
70 45 94 8
70 44 95 75
70 49 96 49
70 49 97 10
70 90 98 112
70 76 99 61
70 88 100 117
71 84 72 50
71 10 73 56
71 84 74 86
71 66 75 33
71 129 76 57
71 82 77 44
71 48 78 37
71 127 79 39
71 46 80 111
71 55 81 42
71 91 82 89
71 99 83 103
71 85 84 9
71 69 85 58
71 44 86 30
71 80 87 27
71 83 88 128
71 84 89 89
71 122 90 36
71 93 91 20
71 63 92 120
71 27 93 44
71 82 94 110
71 90 95 24
71 65 96 128
71 86 97 15
71 117 98 26
71 34 99 55
71 112 100 72
72 102 73 103
72 129 74 26
72 24 75 51
72 9 76 81
72 117 77 107
72 126 78 130
72 120 79 79
72 123 80 59
72 38 81 17
72 40 82 74
72 71 83 128
72 12 84 105
72 130 85 27
72 81 86 129
72 70 87 34
72 6 88 63
72 89 89 41
72 91 90 4
72 85 91 112
72 89 92 100
72 100 93 72
72 20 94 85
72 13 95 89
72 106 96 12
72 86 97 50
72 48 98 15
72 120 99 27
72 53 100 60
73 58 74 119
73 22 75 4
73 67 76 128
73 38 77 28
73 31 78 25
73 7 79 129
73 99 80 116
73 57 81 95
73 49 82 68
73 27 83 76
73 88 84 61
73 111 85 2
73 17 86 44
73 70 87 29
73 88 88 6
73 125 89 123
73 127 90 15
73 13 91 17
73 44 92 63
73 88 93 51
73 49 94 74
73 60 95 94
73 58 96 18
73 85 97 116
73 62 98 107
73 37 99 111
73 113 100 20
74 63 75 18
74 46 76 129
74 5 77 3
74 125 78 3
74 18 79 129
74 15 80 122
74 54 81 30
74 80 82 58
74 2 83 12
74 105 84 129
74 16 85 61
74 47 86 33
74 9 87 101
74 82 88 108
74 127 89 46
74 64 90 64
74 63 91 59
74 62 92 110
74 112 93 67
74 65 94 56
74 47 95 130
74 29 96 80
74 7 97 101
74 112 98 109
74 108 99 9
74 70 100 87
75 120 76 123
75 93 77 116
75 93 78 128
75 44 79 44
75 108 80 90
75 18 81 108
75 87 82 40
75 107 83 80
75 5 84 69
75 68 85 41
75 120 86 52
75 23 87 97
75 76 88 127
75 5 89 5
75 91 90 53
75 45 91 74
75 59 92 80
75 78 93 8
75 52 94 22
75 111 95 122
75 99 96 29
75 69 97 129
75 78 98 56
75 124 99 45
75 86 100 83
76 4 77 61
76 27 78 76
76 72 79 26
76 30 80 102
76 25 81 76
76 20 82 121
76 71 83 70
76 77 84 79
76 100 85 19
76 11 86 129
76 28 87 80
76 78 88 110
76 35 89 97
76 11 90 25
76 107 91 28
76 88 92 97
76 42 93 111
76 7 94 115
76 87 95 113
76 59 96 37
76 27 97 111
76 51 98 78
76 26 99 98
76 117 100 128
77 126 78 126
77 75 79 127
77 106 80 24
77 120 81 23
77 48 82 10
77 38 83 1
77 97 84 25
77 5 85 126
77 110 86 8
77 120 87 12
77 48 88 67
77 48 89 49
77 127 90 75
77 43 91 98
77 95 92 23
77 18 93 29
77 25 94 91
77 114 95 93
77 115 96 1
77 10 97 104
77 104 98 33
77 57 99 48
77 43 100 70
78 78 79 62
78 74 80 23
78 89 81 68
78 116 82 121
78 66 83 7
78 105 84 112
78 5 85 108
78 6 86 70
78 30 87 22
78 114 88 31
78 31 89 14
78 117 90 99
78 2 91 40
78 87 92 91
78 31 93 58
78 120 94 130
78 22 95 108
78 45 96 63
78 54 97 111
78 117 98 30
78 12 99 119
78 96 100 91
79 30 80 16
79 38 81 102
79 2 82 60
79 74 83 22
79 121 84 32
79 72 85 61
79 21 86 122
79 50 87 29
79 28 88 51
79 29 89 40
79 102 90 49
79 29 91 73
79 103 92 26
79 14 93 16
79 106 94 114
79 130 95 110
79 81 96 6
79 66 97 37
79 58 98 83
79 114 99 9
79 70 100 49
80 40 81 55
80 84 82 91
80 12 83 89
80 128 84 111
80 30 85 40
80 112 86 100
80 125 87 58
80 73 88 85
80 69 89 9
80 118 90 49
80 55 91 68
80 105 92 69
80 21 93 120
80 129 94 33
80 81 95 5
80 60 96 69
80 29 97 120
80 79 98 13
80 123 99 41
80 80 100 77
81 46 82 22
81 80 83 62
81 16 84 41
81 49 85 23
81 72 86 84
81 22 87 37
81 106 88 126
81 116 89 126
81 28 90 127
81 1 91 115
81 53 92 109
81 98 93 60
81 72 94 81
81 122 95 47
81 123 96 65
81 87 97 71
81 3 98 39
81 79 99 37
81 59 100 18
82 102 83 128
82 34 84 1
82 126 85 123
82 119 86 10
82 6 87 112
82 96 88 16
82 124 89 6
82 65 90 18
82 99 91 92
82 8 92 7
82 72 93 90
82 31 94 1
82 39 95 28
82 65 96 33
82 51 97 117
82 114 98 123
82 124 99 22
82 15 100 18
83 27 84 119
83 101 85 3
83 19 86 32
83 38 87 66
83 83 88 13
83 104 89 103
83 110 90 52
83 12 91 112
83 113 92 51
83 79 93 42
83 74 94 21
83 8 95 13
83 6 96 124
83 16 97 122
83 9 98 129
83 118 99 30
83 33 100 36
84 68 85 88
84 23 86 51
84 63 87 105
84 78 88 106
84 28 89 37
84 19 90 57
84 107 91 39
84 80 92 1
84 22 93 55
84 67 94 24
84 17 95 29
84 20 96 72
84 71 97 32
84 62 98 29
84 65 99 58
84 15 100 94
85 15 86 2
85 107 87 38
85 13 88 77
85 114 89 55
85 111 90 40
85 79 91 3
85 4 92 88
85 12 93 28
85 51 94 25
85 54 95 79
85 21 96 68
85 100 97 73
85 102 98 91
85 19 99 32
85 125 100 37
86 38 87 33
86 71 88 9
86 86 89 15
86 70 90 83
86 123 91 70
86 72 92 50
86 7 93 71
86 99 94 75
86 100 95 19
86 97 96 20
86 88 97 23
86 96 98 118
86 79 99 57
86 88 100 67
87 103 88 97
87 130 89 83
87 91 90 11
87 26 91 70
87 23 92 47
87 116 93 95
87 15 94 15
87 86 95 57
87 2 96 21
87 39 97 55
87 74 98 101
87 123 99 6
87 124 100 31
88 88 89 88
88 25 90 72
88 38 91 46
88 128 92 128
88 9 93 37
88 107 94 89
88 5 95 34
88 129 96 129
88 14 97 120
88 47 98 13
88 34 99 99
88 24 100 49
89 20 90 73
89 78 91 98
89 128 92 12
89 100 93 72
89 13 94 86
89 1 95 125
89 122 96 51
89 87 97 128
89 86 98 1
89 35 99 63
89 62 100 91
90 81 91 33
90 46 92 75
90 44 93 127
90 46 94 79
90 21 95 67
90 34 96 65
90 77 97 99
90 40 98 32
90 117 99 47
90 41 100 53
91 103 92 118
91 115 93 33
91 34 94 60
91 122 95 71
91 31 96 68
91 100 97 54
91 128 98 112
91 109 99 16
91 94 100 41
92 107 93 24
92 89 94 115
92 84 95 11
92 43 96 35
92 82 97 124
92 46 98 30
92 17 99 123
92 26 100 18
93 77 94 2
93 73 95 59
93 126 96 69
93 122 97 103
93 84 98 96
93 111 99 119
93 30 100 62
94 86 95 75
94 60 96 7
94 17 97 44
94 79 98 13
94 6 99 59
94 88 100 30
95 22 96 51
95 69 97 104
95 106 98 47
95 105 99 16
95 84 100 48
96 21 97 101
96 66 98 76
96 65 99 105
96 37 100 47
97 122 98 94
97 100 99 122
97 36 100 51
98 63 99 116
98 45 100 114
99 13 100 69
10
9 97 10 20
8 50 10 70
7 51 10 86
6 49 10 91
5 87 10 76
4 27 10 20
3 130 10 64
2 20 10 103
1 31 10 11
8 24 9 41
7 3 9 50
6 110 9 129
5 66 9 3
4 42 9 14
3 87 9 33
2 53 9 28
1 97 9 53
7 9 8 102
6 62 8 18
5 93 8 57
4 77 8 18
3 82 8 119
2 92 8 76
1 86 8 101
6 12 7 122
5 42 7 110
4 108 7 14
3 17 7 22
2 35 7 43
1 76 7 59
5 87 6 122
4 45 6 128
3 100 6 53
2 71 6 53
1 110 6 32
4 49 5 34
3 23 5 56
2 1 5 1
1 101 5 114
3 106 4 87
2 66 4 112
1 126 4 17
2 39 3 44
1 86 3 13
1 71 2 73
0
