41
68 99
1 70
25 27
59 99
65 82
46 62
28 61
92 99
43 56
37 44
5 67
54 64
83 98
17 79
96 98
27 72
39 48
13 72
100 100
95 100
12 95
34 86
65 86
12 52
69 80
45 59
58 100
60 91
42 77
79 97
36 61
43 99
7 23
43 51
49 91
6 31
30 47
51 57
2 41
49 74
24 84
55
56
41 87
77 88
9 25
40 83
24 94
39 99
83 98
42 96
16 65
59 83
31 78
7 96
87 96
46 75
73 99
30 40
74 95
13 63
91 92
37 56
68 95
75 76
53 91
51 92
25 83
31 58
92 99
38 60
88 99
84 86
10 96
59 88
89 91
47 67
31 64
69 73
92 98
56 96
60 91
38 40
84 88
42 45
51 92
37 67
21 57
22 36
100 100
85 94
35 88
100 100
39 57
89 96
68 100
94 95
84 92
22 33
18
13
15 48
17 52
52 72
50 96
57 63
4 20
9 57
10 75
3 62
86 89
44 72
88 100
4 80
1
58
19 99
97 99
82 82
99 100
58 62
23 75
93 99
80 84
58 61
92 98
89 93
12 16
35 85
56 89
47 57
87 90
34 88
43 49
17 58
99 99
52 77
100 100
77 81
90 94
13 61
11 44
70 75
89 98
90 99
24 98
86 88
86 99
27 80
58 86
33 54
55 62
90 90
30 55
93 94
56 70
50 96
13 62
61 99
54 72
24 56
97 100
30 72
38 59
50 90
96 98
17 79
6 79
83 100
35 65
2 34
72 87
64 85
56 56
54
12
9 93
46 69
57 86
59 59
83 96
45 57
23 54
62 98
51 74
67 75
60 71
40 91
25
54
11 76
50 78
14 51
23 85
19 28
6 9
92 97
26 28
15 41
25 99
75 85
60 85
71 88
98 98
78 95
71 94
69 77
86 98
81 94
28 85
100 100
26 69
25 28
73 86
82 96
33 62
94 97
32 37
43 97
87 89
1 88
61 74
75 97
71 96
34 47
61 77
68 93
51 91
95 96
25 76
26 52
95 97
3 28
67 87
94 96
85 95
65 88
53 69
88 91
27 83
58 64
16 72
28 99
59 83
10
82
87 98
88 90
75 100
28 36
29 36
21 43
63 72
97 98
62 78
26 90
61 63
17 91
27 30
72 74
48 54
21 51
25 41
64 83
52 94
30 45
14 93
79 84
8 46
1 59
40 86
61 98
25 42
9 54
88 90
51 61
29 62
85 98
41 72
5 72
57 57
51 74
86 92
17 47
58 70
58 69
72 74
62 88
23 78
13 58
97 98
42 98
30 48
66 80
33 93
56 94
63 75
35 89
73 82
70 96
64 81
84 94
36 93
49 96
39 92
43 75
12 58
76 85
26 97
71 77
35 60
84 100
99 100
2 18
35 88
35 47
94 99
6 33
49 70
1 14
42 73
56 58
63 86
78 78
79 93
44 68
74 97
14 19
73
18
11 38
33 61
96 100
32 62
89 94
91 98
90 98
46 94
15 90
41 65
59 100
60 100
6 95
82 85
30 91
9 45
98 100
57 98
28
67
42 93
41 74
75 84
78 99
84 86
93 93
2 30
60 65
29 48
85 96
87 87
71 88
48 57
4 79
64 72
64 83
72 98
41 85
43 64
14 36
5 47
33 35
6 41
40 99
23 61
48 64
49 56
65 82
76 96
13 47
79 88
63 70
86 100
45 54
41 66
9 83
71 72
24 58
73 93
88 97
64 69
4 71
28 94
70 73
66 94
44 83
89 92
38 82
64 81
82 93
43 71
61 82
59 67
89 99
91 100
44 99
21 49
68 83
84 99
27 42
39 96
30 36
49 56
60 91
67 81
56 64
27 56
26
55
2 78
97 97
16 45
43 56
14 61
97 97
73 87
7 48
30 58
6 17
13 28
94 97
37 53
42 58
95 95
53 85
39 61
56 56
32 46
42 94
12 75
87 93
51 63
35 38
54 85
53 93
63 66
55 74
35 70
57 73
25 30
14 66
29 69
81 99
59 85
56 97
65 88
77 80
10 79
62 81
49 83
54 84
21 63
24 82
70 73
60 85
20 96
4 27
82 100
93 98
14 100
90 96
39 42
11 62
35 69
62
59
94 97
70 83
70 97
1 72
65 98
16 91
16 71
40 57
89 91
55 86
11 15
75 83
16 42
42 44
80 96
99 100
89 90
33 69
90 100
9 70
91 94
64 92
85 95
1 72
86 100
72 95
68 85
96 99
26 27
30 67
99 100
94 97
81 97
50 95
29 68
65 74
6 92
17 57
27 55
88 92
65 73
87 88
63 78
65 70
16 68
74 80
42 42
63 100
32 77
69 75
3 60
8 53
13 29
31 65
10 90
57 71
94 95
53 99
46 69
49
91
13 40
15 28
59 85
5 88
53 74
80 90
24 68
67 80
99 99
97 99
34 65
23 77
93 98
26 98
59 67
8 14
31 63
1 79
100 100
49 99
41 96
76 88
68 96
98 100
98 99
52 65
31 70
26 84
30 55
41 81
48 88
56 76
93 94
55 77
47 67
47 67
70 90
64 80
16 62
76 91
29 87
71 76
65 74
63 88
25 34
70 90
24 38
34 45
11 38
37 70
79 86
37 95
65 84
50 60
6 43
5 22
24 44
71 89
69 86
86 88
74 79
95 95
27 81
73 78
41 55
20 72
12 84
90 94
66 91
86 87
51 66
10 63
67 96
75 90
1 96
74 84
62 73
69 99
32 80
27 47
23 65
80 99
53 59
92 98
65 75
65 99
56 61
75 79
22 74
48 54
90 98
96
94
51 94
55 98
13 69
40 48
13 95
68 89
16 54
24 79
35 91
87 94
59 82
7 89
1 68
93 96
33 57
75 90
22 56
23 26
77 100
49 84
83 87
77 81
12 65
57 99
26 75
87 94
70 88
35 70
69 97
92 95
84 99
28 35
72 97
13 60
28 48
46 94
86 99
38 84
14 69
51 79
12 77
50 73
55 100
82 92
68 93
94 94
73 73
31 82
43 58
78 88
3 59
82 85
24 28
24 94
96 100
28 98
11 23
59 89
88 94
29 64
59 90
61 84
87 99
11 73
29 31
42 51
4 30
66 84
82 86
51 65
99 99
62 73
57 96
79 98
36 96
76 87
87 94
61 71
49 85
93 94
41 87
36 86
100 100
93 99
29 77
70 97
95 97
53 84
33 48
9 53
98 100
50 84
42 54
1 13
49
23
52 75
34 43
1 55
91 98
20 61
79 96
45 81
88 90
26 34
39 91
94 94
12 59
35 93
98 99
30 46
6 12
93 95
50 55
80 97
78 82
94 97
98 100
77 91
83
78
60 60
90 95
50 71
73 93
9 100
9 46
4 48
8 68
75 95
12 74
62 81
91 94
84 98
33 53
42 99
14 92
97 97
16 40
100 100
81 99
33 72
85 93
18 92
71 72
83 96
24 58
6 82
96 97
17 71
79 84
59 84
51 58
30 42
96 99
77 86
100 100
66 79
9 17
44 48
15 35
56 87
74 86
49 84
87 89
47 88
18 39
17 95
92 99
13 63
94 99
16 20
58 58
53 97
52 82
27 69
56 64
95 95
98 100
66 94
62 82
79 83
41 92
48 55
71 76
90 90
50 68
66 90
83 90
33 89
68 78
83 87
42 75
88 98
80 80
39 80
48 88
47 75
60 73
23
66
87 98
29 51
61 74
78 100
4 98
32 65
56 78
7 17
22 96
82 92
56 73
25 27
36 37
75 86
99 99
54 67
36 54
89 94
33 88
81 87
79 83
2 15
100 100
64 82
74 99
46 84
75 91
54 60
88 96
11 24
66 98
30 71
13 25
82 83
91 92
6 78
33 78
21 66
32 99
94 94
79 87
7 12
67 97
98 98
95 96
89 90
85 86
79 92
16 67
85 85
7 85
98 100
91 100
86 97
100 100
11 12
14 24
86 89
81 92
68 73
45 47
8 90
28 70
32 77
72 74
94 99
38
11
5 10
7 67
23 92
1 43
38 88
89 100
90 90
82 84
85 96
62 80
18 57
83
47
66 74
5 17
96 96
22 36
82 90
7 91
44 65
81 81
69 72
14 15
52 73
80 99
41 72
34 95
64 76
54 72
96 96
75 99
36 41
77 100
26 47
9 44
57 71
33 50
41 96
63 72
63 91
37 82
3 25
81 81
77 87
94 99
47 55
74 82
81 96
73 93
8 85
67 94
89 90
69 96
97 98
10 91
37 100
63 64
43 64
23 43
49 67
69
17
15 35
91 96
60 72
96 99
41 60
100 100
92 96
82 86
54 70
30 42
43 80
84 97
15 53
45 84
30 92
65 82
71 76
48
94
88 91
77 88
41 100
91 99
11 32
46 62
71 94
90 98
79 86
7 15
36 58
97 98
89 100
80 92
91 93
66 77
6 33
68 97
35 36
58 70
46 58
19 83
45 81
64 76
65 66
24 39
5 22
28 56
93 96
64 98
64 89
66 92
46 66
96 97
23 89
52 86
56 74
39 66
83 89
55 59
8 73
39 59
91 100
55 95
24 73
79 89
82 94
34 50
95 95
47 66
46 96
17 55
90 93
64 79
98 99
31 85
9 66
75 93
73 90
56 85
62 74
7 13
76 83
20 38
33 33
80 95
84 96
37 98
19 46
29 36
78 97
92 92
96 96
2 83
33 61
81 96
8 81
75 84
91 97
42 89
30 61
75 85
92 95
88 92
40 49
54 56
82 88
6 52
80 95
40 56
99 100
40 92
22 74
27 61
39
28
82 85
79 90
24 94
35 88
50 100
8 50
42 50
47 62
38 55
1 17
91 93
36 42
11 88
83 99
90 98
75 86
23 82
67 73
39 89
12 44
68 87
68 90
43 56
48 75
18 70
24 79
4 79
52 54
37
58
68 76
6 42
63 92
76 82
32 63
45 60
4 94
16 71
20 55
92 99
34 67
43 64
1 55
79 100
58 64
94 98
4 98
34 36
72 79
91 99
42 54
48 68
59 76
3 52
91 93
69 75
96 96
9 42
43 81
100 100
79 95
58 91
48 97
46 81
14 14
11 92
86 89
5 59
4 73
70 78
30 58
75 88
31 35
45 46
19 58
64 80
74 76
32 86
12 96
99 99
4 99
80 98
44 88
89 92
35 51
23 87
12 70
52 65
78
16
77 79
21 76
49 67
80 89
58 60
63 79
63 65
71 73
74 76
87 93
18 29
93 95
68 69
66 95
33 84
82 90
31
28
32 62
53 59
73 85
8 27
29 46
91 91
78 99
37 96
44 69
34 70
94 100
75 94
83 84
62 84
63 64
98 100
24 59
18 18
4 41
84 98
60 60
87 90
66 67
41 90
98 99
51 59
22 39
82 98
72
87
100 100
80 97
1 31
62 90
6 41
29 80
23 69
61 79
36 52
15 60
94 95
62 86
39 83
39 63
56 88
72 99
53 83
34 62
66 92
2 66
60 80
49 74
93 94
34 88
4 8
12 89
69 88
99 100
49 80
48 67
32 80
76 99
50 88
100 100
44 65
55 100
35 48
68 93
94 96
67 80
9 80
85 93
68 84
70 81
12 68
91 98
44 52
100 100
96 97
59 92
59 64
90 97
41 79
65 76
27 30
4 97
13 77
71 77
96 97
87 98
10 98
84 89
91 91
87 96
82 90
3 74
63 77
66 88
33 46
29 51
90 100
84 87
66 71
46 89
22 52
21 68
74 98
52 89
37 51
2 66
11 45
91 97
72 78
36 71
83 90
19 62
13 26
99
5
63 70
93 96
48 76
4 68
16 90
59
29
46 85
100 100
73 76
63 63
74 97
39 90
43 71
4 98
26 60
2 71
83 92
37 59
40 72
22 85
64 76
76 100
82 99
62 64
3 27
96 100
17 34
8 51
85 85
60 61
59 90
69 90
20 69
42 83
65 68
16
72
30 90
16 36
37 82
60 63
53 58
42 71
49 76
99 99
25 63
34 72
39 57
63 88
85 90
79 94
86 86
25 82
6 13
66 93
8 83
85 85
91 95
92 92
86 100
91 93
99 99
19 60
25 50
77 91
70 74
28 38
69 99
3 89
1 20
19 95
85 88
57 81
33 91
15 42
40 54
21 48
55 65
42 84
43 79
22 27
47 83
10 86
9 82
34 84
5 86
43 93
61 62
21 44
79 100
14 27
92 95
16 77
62 75
12 45
52 72
71 95
8 17
85 92
2 37
59 86
91 94
13 84
61 74
73 79
77 84
74 76
52 88
29 57
62
69
4 44
8 93
52 71
93 95
20 52
8 89
6 41
84 100
10 43
39 59
72 78
55 56
15 90
30 93
67 70
57 69
71 100
67 89
84 84
54 84
92 100
87 92
30 72
18 68
57 69
53 87
67 68
61 100
32 77
68 71
99 99
21 34
8 16
17 79
43 50
64 91
48 61
31 58
44 70
15 43
18 24
21 32
93 97
55 61
94 98
76 76
13 81
52 97
80 82
78 95
62 98
73 83
45 94
64 64
47 67
9 22
31 44
65 71
47 60
82 92
12 17
92 99
24 94
92 98
31 39
70 94
1 80
18 94
15 62
42
36
68 100
54 92
74 100
4 92
17 52
68 74
3 39
58 58
68 95
67 82
72 98
46 85
39 58
48 87
93 100
58 87
54 81
81 81
31 56
21 51
78 82
87 89
90 97
45 89
11 99
20 54
28 37
20 34
17 17
97 98
59 99
94 100
50 63
73 81
95 95
34 46
30
71
29 76
42 81
89 99
34 53
71 80
62 68
9 67
63 79
79 90
98 98
39 62
84 97
96 97
34 76
58 96
35 78
36 74
94 94
94 96
52 62
95 96
75 91
98 100
96 98
93 97
38 100
14 80
11 90
29 78
87 93
41 63
70 83
94 100
63 65
28 44
95 100
14 65
14 95
65 96
96 98
82 86
10 57
69 69
12 45
36 58
34 67
63 66
78 90
41 43
1 1
59 73
55 88
31 52
96 98
24 82
28 98
12 25
55 71
54 57
22 30
29 32
1 56
72 91
53 68
32 79
35 57
87 95
49 80
66 87
13 59
53 64
88
64
58 73
57 75
51 83
2 29
100 100
45 64
76 80
51 77
67 75
2 23
44 86
81 96
19 70
64 75
30 53
55 66
80 85
67 96
78 85
3 88
93 96
73 93
24 89
49 56
98 100
9 32
94 94
82 92
11 89
57 86
66 99
70 98
54 87
85 91
46 51
34 90
1 69
95 96
86 89
82 83
57 91
73 95
2 32
36 86
72 77
38 65
69 78
96 97
4 40
12 59
35 93
94 99
62 91
59 61
7 28
44 76
28 43
85 93
94 100
25 75
83 94
28 60
47 63
90 93
38
50
60 85
57 86
4 13
1 12
26 94
96 97
16 90
7 81
42 51
99 100
14 23
13 79
58 93
40 81
95 99
44 45
12 94
56 89
48 86
91 94
28 83
55 73
73 79
42 81
47 82
14 47
30 63
4 85
94 100
88 100
80 83
26 35
61 61
8 79
93 98
18 99
4 67
94 100
12 59
29 63
49 91
93 97
55 80
54 58
48 88
27 30
5 67
72 75
6 80
57 81
68
51
20 85
67 72
47 76
88 92
13 16
100 100
98 99
29 59
5 45
69 86
97 99
21 65
19 50
20 27
75 87
60 89
15 34
4 89
52 70
15 36
52 95
91 98
84 93
85 89
87 94
49 70
98 99
69 96
49 62
83 86
70 95
78 80
5 9
44 82
12 59
93 99
91 100
91 94
75 90
75 81
74 86
19 70
34 63
12 92
64 97
50 86
46 62
21 47
72 86
22 33
58 73
83
38
23 40
7 7
90 92
46 77
24 58
51 98
37 68
7 99
14 49
81 85
44 90
46 49
50 80
15 20
28 38
5 41
18 20
56 78
87 95
99 100
12 41
59 67
76 86
33 58
97 99
13 71
30 34
37 74
54 71
71 96
53 76
98 100
2 41
94 95
17 97
29 100
26 89
97 100
45
56
27 53
59 77
22 93
9 70
29 48
48 89
81 86
29 51
27 84
78 97
48 53
32 55
85 87
70 85
57 82
46 91
17 37
98 100
91 98
50 94
87 95
76 94
78 88
88 97
83 100
1 55
90 95
16 39
11 51
100 100
8 92
5 82
86 90
93 98
13 39
84 84
30 56
34 85
65 96
58 82
11 19
9 74
33 94
85 88
2 72
84 100
93 93
88 98
11 71
36 74
16 73
78 92
35 66
34 35
87 91
35 92
50
12
85 85
93 93
23 100
14 41
74 97
61 63
54 87
23 39
38 95
7 50
98 99
37 90
100
90
99 100
48 72
93 98
97 100
29 31
43 87
96 98
38 63
68 72
94 95
47 92
25 43
66 90
7 58
93 96
76 87
62 98
19 22
28 45
97 98
42 53
91 95
16 97
24 54
45 77
38 99
94 97
72 99
78 89
1 91
86 91
19 21
7 54
9 14
26 37
81 97
71 95
48 77
37 97
1 24
65 72
41 51
5 64
67 92
71 86
7 71
57 84
67 76
79 88
75 86
92 100
33 87
97 98
91 98
8 58
47 61
3 10
27 30
7 49
51 87
80 90
23 38
2 73
77 97
58 77
39 47
45 86
81 81
44 69
62 96
40 84
91 93
80 85
20 51
85 88
78 90
14 18
72 91
40 93
22 35
35 80
59 67
70 89
5 99
3 78
39 67
66 87
82 100
24 57
72 94
83
40
17 29
20 20
14 90
52 81
84 96
39 75
85 100
2 72
34 68
15 58
96 98
42 44
78 95
66 77
39 81
68 75
88 90
23 82
42 82
5 95
69 86
73 93
75 89
38 70
42 64
19 38
75 87
47 93
25 75
82 94
41 95
97 97
28 65
19 46
42 55
92 99
60 62
18 42
44 76
65 70
58
2
67 94
47 75
90
46
46 54
53 82
27 98
85 86
51 56
47 100
71 97
96 99
24 89
57 69
11 57
93 99
91 96
53 75
16 22
62 78
85 94
35 79
83 95
37 85
91 98
83 87
17 21
26 77
11 71
83 84
94 98
55 94
96 96
39 96
21 46
84 98
97 98
91 93
90 98
84 97
30 38
80 87
1 53
46 52
52 97
64 70
8 81
77 94
12 76
65 83
32
42
99 99
56 58
58 82
65 75
11 87
66 81
66 97
41 98
43 65
95 97
71 86
1 7
7 7
97 98
12 33
16 31
76 80
49 60
80 96
22 30
98 98
10 17
72 92
23 50
98 99
100 100
21 57
85 85
16 84
86 97
100 100
9 45
70 84
80 83
8 59
7 74
76 77
25 44
75 99
29 95
46 67
15 40
69
38
8 17
5 54
98 99
56 92
44 71
98 99
37 72
34 45
31 63
5 28
89 95
55 91
77 90
16 82
32 55
76 86
15 95
58 84
39 66
48 96
19 99
32 81
20 46
91 94
73 96
3 15
29 78
99 100
46 72
23 51
95 98
45 80
48 91
86 95
24 33
54 56
31 96
67 97
13
56
19 100
43 91
7 91
85 100
71 73
51 76
12 73
96 99
21 42
84 96
93 93
85 90
88 94
44 62
60 75
17 41
33 62
84 90
16 52
17 87
40 91
6 53
47 92
76 93
88 93
31 43
36 55
74 98
74 78
87 96
86 98
46 70
86 94
36 76
84 94
97 97
86 93
22 39
83 95
89 100
37 77
66 94
99 99
87 98
77 88
22 77
46 93
65 68
73 90
71 91
55 94
81 99
92 94
11 82
68 90
76 87
100
75
91 97
57 89
4 46
68 79
43 48
67 95
87 96
99 99
65 70
66 74
41 81
15 99
13 53
39 65
26 56
50 75
80 98
39 68
22 26
92 99
40 70
66 98
74 76
71 88
54 61
9 72
30 69
90 90
72 74
60 77
73 95
67 79
71 99
100 100
51 95
37 59
7 12
14 55
72 83
74 99
74 99
3 12
18 24
54 95
96 96
14 71
71 80
6 82
34 70
53 76
20 71
94 95
66 77
45 72
72 89
100 100
97 100
53 81
54 86
91 100
58 65
10 51
87 88
60 69
36 89
2 75
70 92
32 89
75 82
44 82
17 89
12 85
23 24
58 92
75 95
84
58
96 98
84 93
4 5
1 91
81 89
6 28
59 91
58 96
21 89
57 74
33 73
83 90
21 99
75 84
95 98
65 77
15 15
91 96
56 79
68 85
32 88
81 99
29 33
21 60
92 96
88 98
27 52
60 71
21 56
15 15
48 54
35 95
52 90
79 87
90 91
77 99
91 100
73 100
2 23
45 72
40 92
28 95
87 91
28 86
24 62
15 24
45 49
70 94
77 79
53 59
38 94
89 93
89 95
75 76
16 22
57 67
17 97
30 66
85
72
50 88
27 99
3 60
17 22
53 92
56 88
45 71
44 85
100 100
22 34
14 95
94 99
61 76
75 80
2 43
9 80
27 33
92 94
30 85
78 82
9 27
23 89
38 47
4 45
13 70
54 94
100 100
3 67
70 96
30 37
39 99
27 62
35 39
49 70
4 80
19 66
38 69
80 90
45 64
62 90
77 85
46 63
73 85
97 100
36 76
30 54
33 33
59 72
21 37
25 73
27 79
84 95
75 82
89 99
65 97
78 99
43 53
24 92
26 87
43 67
50 91
91 97
29 52
5 66
10 99
80 97
84 96
33 73
100 100
48 87
91 100
60 93
40
28
81 92
79 85
57 73
45 94
26 36
99 99
81 96
65 91
73 84
94 96
6 17
34 84
88 88
39 80
65 75
100 100
9 13
39 85
39 100
60 80
45 79
70 83
19 86
59 72
62 81
91 97
27 78
5 89
69
23
48 91
67 69
66 73
1 18
74 80
69 82
80 96
29 81
59 90
68 75
35 91
70 89
71 92
36 36
12 29
51 61
46 73
55 68
18 98
43 43
74 81
80 89
89 98
87
30
10 100
22 92
82 92
21 72
55 96
85 90
100 100
30 87
58 84
66 90
50 70
93 99
20 33
14 42
18 98
61 86
54 64
63 67
55 71
35 83
51 94
46 83
48 80
62 88
60 95
86 95
19 24
69 71
51 83
100 100
36
98
93 97
83 86
17 52
59 64
100 100
58 90
72 84
81 98
7 8
87 96
53 75
36 41
29 75
61 82
50 68
86 97
58 86
42 100
94 96
34 38
69 70
36 100
97 98
62 100
85 88
100 100
50 94
7 89
88 89
70 86
89 92
84 84
59 83
39 96
21 67
59 88
24 79
99 99
71 86
97 100
89 100
47 53
76 95
20 24
98 99
55 83
59 99
92 95
38 84
33 60
37 67
59 63
86 99
85 90
28 91
27 87
37 54
71 80
49 78
100 100
74 77
52 69
18 22
72 72
30 82
45 59
68 71
29 57
35 84
58 58
82 82
42 93
50 71
100 100
100 100
46 87
2 90
84 95
36 90
96 96
71 94
18 24
53 97
74 85
56 69
71 84
31 37
66 100
81 99
59 77
9 20
68 71
29 51
100 100
71 91
13 21
65 80
85 87
12
6
69 73
27 35
67 99
89 99
66 83
48 74
60
52
72 100
11 28
67 69
71 76
26 49
75 83
44 68
37 80
17 35
35 76
62 74
16 25
83 88
83 85
1 76
38 42
1 25
65 82
96 96
30 90
89 91
45 79
76 97
91 95
20 73
96 99
8 16
75 93
57 93
33 75
23 48
54 99
56 85
26 30
29 52
28 55
91 99
55 98
93 95
19 51
57 79
83 90
40 52
94 96
70 83
34 90
93 100
27 97
81 97
62 75
8 69
46 47
22
82
83 89
92 93
16 26
44 65
72 87
36 78
13 86
68 92
53 95
29 43
30 83
100 100
52 94
42 84
84 100
45 81
78 98
3 37
3 40
50 59
76 91
39 42
96 97
6 69
24 56
42 85
31 80
21 76
44 92
75 77
1 72
76 85
31 75
23 59
91 96
53 71
83 88
89 100
61 86
24 74
60 84
44 58
85 98
69 97
99 99
80 90
14 88
48 55
72 93
45 83
49 49
54 83
89 92
26 52
91 100
47 61
76 100
79 92
4 13
78 93
49 95
95 97
30 78
39 70
73 85
63 100
68 75
66 80
60 75
90 95
20 38
41 47
33 54
23 58
62 63
42 68
33 57
62 74
14 35
46 81
11 99
71 92
97
4
15 88
11 80
53 80
72 89
31
82
62 93
52 89
84 98
59 81
96 97
15 51
85 86
13 50
42 68
91 96
12 18
83 88
88 99
51 80
69 79
85 90
36 81
6 47
93 93
51 67
61 62
60 95
24 91
1 26
57 57
49 88
8 42
92 96
83 95
20 77
80 83
20 50
2 99
25 68
26 52
84 92
89 97
64 64
35 85
52 84
25 48
68 72
41 60
56 64
62 76
28 39
40 71
38 82
49 65
49 82
22 35
76 92
15 36
63 77
77 99
59 100
85 85
67 67
57 97
30 72
30 30
44 94
2 82
21 88
37 97
83 99
67 77
94 95
80 83
88 95
98 100
95 98
54 98
4 90
21 33
54 68
34 75
66 68
81 88
67 87
69 75
29 52
45
3
50 64
4 22
41 68
11
27
83 88
88 99
62 92
100 100
19 46
59 64
59 93
79 97
58 94
22 38
57 100
61 79
44 91
42 48
53 99
12 91
94 97
82 85
61 79
72 80
95 97
36 91
56 71
24 58
89 100
11 18
33 89
11
95
20 88
90 97
52 72
24 42
50 91
8 56
85 94
13 62
5 85
63 98
52 80
33 46
39 80
29 87
27 59
46 99
6 50
58 81
2 55
28 89
54 72
43 48
50 84
56 68
49 96
16 38
74 95
50 85
70 79
71 84
69 89
79 81
82 85
87 100
32 32
60 79
90 93
39 87
73 81
57 72
48 71
12 57
20 45
6 90
89 90
46 61
93 97
77 88
4 38
100 100
68 74
15 44
94 94
55 71
32 86
27 40
100 100
75 93
13 24
58 81
92 98
30 77
62 78
97 99
84 92
55 63
3 68
77 77
82 85
24 90
44 74
70 97
90 95
100 100
80 99
53 76
51 83
46 59
72 82
91 95
78 92
20 72
29 97
23 51
86 100
85 96
85 98
16 75
82 99
60 88
47 93
28 69
22 23
19 53
51 64
62
46
59 77
72 95
3 17
21 75
54 69
87 96
36 77
14 38
93 95
66 91
37 66
47 87
13 15
16 21
27 66
74 81
81 94
91 92
15 56
58 92
50 77
86 98
3 95
75 79
49 60
39 47
38 73
93 93
44 64
82 89
92 95
85 95
86 90
100 100
87 88
51 94
86 87
9 49
100 100
97 98
32 48
3 93
38 59
78 94
52 82
64 72
6
41
68 95
56 97
96 99
73 79
71 89
22 45
24 28
66 94
36 73
100 100
93 95
25 56
67 78
23 95
19 82
93 99
62 90
29 95
50 93
27 71
79 80
39 86
45 66
40 97
41 81
67 78
49 72
52 72
52 75
58 88
10 49
77 81
24 37
55 56
7 62
100 100
31 44
59 87
85 90
32 73
84 99
23
10
88 95
69 79
80 100
10 90
42 63
78 94
73 81
36 65
18 63
44 74
66
90
92 95
39 79
77 81
92 95
10 73
98 98
29 73
60 78
41 50
95 99
21 67
47 93
87 98
44 48
75 88
89 98
28 30
5 22
47 98
86 90
51 83
74 86
13 77
84 97
69 82
84 88
88 98
46 88
40 48
49 72
8 83
55 60
41 44
19 61
78 90
73 100
86 87
21 38
3 36
7 63
25 37
38 47
100 100
91 98
7 42
76 96
93 98
48 85
85 96
30 75
6 43
90 96
71 93
83 95
81 90
73 84
52 92
56 65
78 82
30 49
52 74
38 52
77 97
74 97
98 98
26 36
63 70
61 99
74 80
10 26
25 47
83 88
16 34
47 93
69 81
62 74
87 93
90 99
5 54
95 99
99 99
34 100
85 94
65 89
15 63
97 98
49 63
97 98
92 92
90 95
56
48
52 86
72 84
29 98
55 60
31 49
92 97
54 57
68 94
78 97
98 98
74 99
63 87
30 67
40 57
42 79
21 61
48 54
83 87
90 100
4 42
63 93
93 96
64 78
12 99
93 96
71 90
50 50
77 90
87 89
4 10
99 99
79 95
24 26
12 22
18 48
28 89
91 97
2 47
45 65
13 95
34 93
2 88
36 99
34 69
35 100
72 94
64 76
41 69
83
48
67 67
28 32
72 76
6 82
35 89
56 58
100 100
76 79
40 65
89 97
74 95
59 71
88 92
14 15
53 79
79 91
5 13
50 74
38 99
60 74
56 66
27 44
67 71
56 86
47 85
36 44
37 75
39 39
4 27
100 100
26 100
25 33
64 86
77 90
35 50
27 90
45 85
62 93
76 90
97 98
72 93
14 14
31 57
10 94
60 92
47 82
4 28
92 97
97
83
51 58
36 48
68 80
66 79
74 82
17 34
16 44
44 69
98 98
92 95
64 87
8 57
22 86
59 77
76 97
77 100
20 86
12 28
10 76
64 97
15 83
84 91
89 92
6 46
41 69
92 98
86 88
21 25
98 98
4 66
63 64
55 55
3 23
30 68
27 66
29 97
80 95
100 100
43 67
17 19
99 99
31 44
52 88
45 78
86 91
73 82
59 97
30 44
61 67
28 35
23 63
74 85
34 80
52 61
35 74
23 36
3 7
81 90
89 98
86 98
11 48
75 89
100 100
56 59
66 94
73 97
27 39
24 45
88 94
98 98
76 76
79 94
94 98
7 44
90 97
22 50
65 73
14 40
11 69
64 81
89 90
65 92
55 57
17
54
87 94
25 35
3 37
60 97
83 100
75 75
67 75
55 89
51 67
27 55
3 96
2 83
50 54
3 54
82 100
11 29
90 92
85 94
7 13
88 90
91 93
19 42
54 66
63 91
14 69
16 65
86 94
65 93
38 88
85 98
73 86
45 71
58 60
30 92
41 44
2 99
77 80
1 49
14 93
12 93
33 80
15 52
17 45
35 56
53 85
42 64
51 81
70 88
63 96
12 13
12 63
22 80
46 84
51 94
65
42
45 86
37 75
26 60
54 63
7 60
30 83
71 76
29 74
60 82
16 50
79 81
85 95
84 98
38 65
31 73
16 51
22 90
53 89
47 73
5 82
26 70
50 65
30 69
10 31
30 52
34 100
47 71
84 85
40 82
36 63
71 100
30 52
22 33
90 97
45 74
6 66
14 76
100 100
16 70
59 92
84 96
44 63
32
55
52 99
91 93
96 96
62 70
68 95
35 92
92 96
79 100
80 98
16 60
73 74
53 79
24 70
38 38
11 92
79 82
62 86
19 95
84 85
96 100
73 93
4 64
46 80
51 97
43 99
56 100
69 90
2 77
48 59
88 89
10 73
34 89
41 66
25 95
1 39
32 75
18 70
85 100
45 53
20 96
68 77
75 96
31 46
17 89
100 100
86 91
22 46
42 58
74 88
53 88
30 53
60 80
66 96
51 77
92 97
14
71
87 91
91 95
7 67
23 52
67 67
92 100
67 68
80 86
68 95
4 71
21 46
35 48
34 55
88 89
28 91
25 37
19 27
45 92
87 94
9 50
98 100
22 76
8 63
23 70
92 94
52 56
66 67
81 82
66 79
1 29
36 39
13 55
77 90
90 93
100 100
62 78
32 92
1 39
81 81
46 65
69 98
63 73
34 77
83 93
61 65
42 93
37 86
34 52
28 53
29 52
85 91
69 70
98 99
7 43
64 70
91 100
45 84
44 53
65 94
59 87
12 56
48 88
30 63
81 86
65 99
77 100
19 37
48 79
48 91
33 90
38 60
97
59
25 84
54 94
42 80
30 75
66 76
33 56
20 91
40 86
39 72
4 93
21 51
50 79
25 99
88 89
30 98
99 100
39 72
3 34
86 89
12 53
28 48
31 66
83 93
32 46
91 93
57 63
49 62
27 98
65 76
94 95
38 60
39 81
71 94
46 79
60 81
22 77
61 90
24 30
6 83
14 16
85 94
35 61
71 100
58 93
57 98
93 99
34 73
84 85
100 100
91 96
1 80
74 99
86 96
10 93
82 83
100 100
8 71
20 26
28 37
61
33
53 85
4 70
99 100
70 95
91 94
58 89
20 69
50 84
47 99
68 80
10 60
80 81
8 8
39 100
100 100
15 17
56 78
66 99
21 98
65 90
4 53
51 92
2 70
28 35
11 87
25 100
99 99
32 75
55 84
4 49
10 45
33 34
31 79
33
13
91 92
33 72
18 20
22 23
6 64
22 100
71 79
95 95
28 30
78 95
6 11
43 99
19 97
25
79
66 85
72 87
45 64
10 54
73 77
75 100
98 99
42 72
42 69
69 78
22 33
28 78
84 96
33 62
63 63
36 93
36 61
35 65
29 53
25 59
34 76
26 73
83 89
66 76
65 88
23 63
9 19
32 79
27 97
64 80
20 38
42 46
77 77
22 100
88 92
40 83
53 99
75 82
43 55
1 1
35 99
81 91
24 98
69 74
35 80
45 81
9 17
20 82
50 80
81 100
49 57
20 73
41 49
71 78
34 99
23 60
41 68
51 83
48 57
51 81
97 97
32 69
52 64
40 97
71 87
44 48
74 82
58 93
67 100
44 50
15 71
72 77
62 79
21 87
28 72
54 87
29 48
98 99
82 93
11
71
79 92
91 94
35 97
48 96
23 82
75 85
23 78
20 46
67 98
95 97
25 90
90 95
98 98
61 92
74 78
6 22
39 67
19 73
45 99
16 44
24 51
25 63
70 100
71 82
16 46
30 33
38 41
31 60
1 2
95 98
4 58
60 88
7 50
70 85
56 92
52 52
78 94
40 60
3 83
97 98
24 76
24 40
72 89
21 42
57 79
50 65
98 100
44 55
93 96
5 20
95 97
50 63
82 83
46 81
46 60
34 37
100 100
98 100
42 77
100 100
75 100
60 80
46 100
60 77
68 84
69 92
95 96
97 99
24 85
18 74
69 85
82
33
75 89
85 89
69 94
5 73
22 51
12 82
52 96
43 93
26 31
52 83
99 100
81 86
83 88
15 29
5 29
10 24
6 82
67 74
81 85
42 82
87 90
34 36
25 73
93 100
52 66
28 31
88 90
21 26
28 45
11 34
4 9
84 90
36 57
78
78
81 95
12 80
54 82
9 19
49 49
42 57
17 56
19 56
85 98
75 100
86 99
61 89
86 89
2 55
6 47
97 97
10 84
88 97
26 85
3 72
47 79
53 82
90 99
99 100
19 40
58 86
74 77
69 72
11 80
26 97
40 55
19 76
19 38
68 93
67 85
27 42
83 95
61 79
58 97
55 97
62 82
22 99
99 100
59 80
46 72
90 97
57 64
26 51
33 71
22 48
63 90
9 55
31 86
91 100
70 82
54 56
57 58
84 93
94 96
63 83
67 76
20 64
65 84
9 12
15 91
13 40
23 82
93 93
100 100
72 72
93 93
18 89
89 98
90 100
15 99
69 95
59 74
46 64
98
25
48 73
38 80
8 51
50 50
40 84
13 73
32 78
92 98
46 75
17 63
57 78
73 85
9 97
10 36
59 95
45 49
31 98
50 56
69 99
2 47
56 82
28 98
63 99
19 63
90 100
42
23
97 100
41 92
36 68
83 97
51 95
53 86
2 95
34 70
95 98
27 32
34 66
13 25
26 78
13 37
46 87
3 60
59 80
78 92
12 42
51 71
81 94
28 34
17 18
19
18
78 81
66 88
14 35
77 87
75 79
42 48
98 99
49 55
49 89
37 41
18 82
25 26
39 97
62 81
48 54
40 54
82 83
15 50
17
94
68 86
68 75
64 82
75 85
100 100
81 98
25 30
87 95
58 96
16 74
76 81
83 98
38 68
63 86
29 74
13 53
77 89
59 68
92 93
23 85
51 59
29 70
43 57
61 94
78 94
96 100
14 41
26 55
96 97
49 61
85 97
92 98
33 72
38 42
33 91
35 100
38 53
3 60
15 79
70 91
48 79
4 5
7 78
98 99
3 98
64 78
18 65
52 66
39 63
55 56
13 53
23 70
75 94
9 83
52 56
24 81
12 29
90 94
16 33
29 34
22 84
64 85
89 98
15 87
76 83
32 76
20 51
48 65
7 33
53 94
62 84
81 82
51 90
39 69
52 77
41 90
26 83
5 82
81 91
12 69
59 64
52 58
31 83
48 99
97 99
6 65
7 17
16 21
89 98
35 86
24 37
64 70
27 63
8 8
67
27
26 51
49 68
31 88
14 57
17 45
6 37
8 67
4 22
53 84
85 92
95 97
91 97
48 73
8 31
59 86
47 52
23 45
14 33
53 62
92 92
25 42
9 35
59 63
64 100
32 56
80 91
1 38
10
50
55 75
98 99
80 100
40 75
82 87
93 98
98 98
14 43
30 84
52 66
95 97
89 96
72 87
81 84
67 82
57 74
67 71
60 100
85 93
95 97
67 73
67 78
14 45
87 91
67 92
23 89
84 89
67 99
47 91
9 83
71 91
67 78
79 80
39 93
60 70
79 83
22 68
91 94
45 54
8 96
24 74
48 75
26 88
83 84
41 82
56 91
27 98
64 97
67 99
46 55
87
6
21 64
7 31
62 80
39 98
96 100
100 100
96
42
53 60
41 84
56 71
53 61
46 78
98 100
90 91
6 38
48 59
4 19
66 91
47 64
4 17
64 69
17 90
78 89
29 61
4 83
77 91
9 92
3 22
42 86
94 96
15 61
58 70
5 61
92 95
27 47
84 96
12 41
6 31
7 23
19 90
92 95
68 87
35 64
76 76
95 96
66 93
40 41
61 63
87 88
23
35
49 96
20 55
67 84
51 61
42 98
49 55
19 19
13 94
20 22
72 78
43 79
50 95
62 94
37 46
7 74
84 97
6 42
54 78
46 98
81 92
81 84
48 48
82 94
45 86
27 29
63 74
30 50
99 99
28 78
61 90
81 84
48 90
66 78
24 65
88 94
10
30
92 95
45 93
76 90
6 67
25 70
57 73
61 61
51 89
67 88
79 86
44 86
33 45
64 99
36 87
58 73
67 70
92 93
30 46
51 92
94 100
89 95
58 61
28 76
27 79
42 99
67 85
93 97
13 89
17 99
28 91
43
39
64 89
97 99
97 97
79 81
87 98
4 63
2 15
46 81
95 97
94 97
95 97
43 67
70 95
44 97
2 49
24 50
62 67
2 49
1 33
57 81
11 68
94 98
93 99
91 99
76 90
70 89
40 45
7 82
74 83
74 97
28 62
37 96
3 7
8 54
65 77
9 73
9 91
58 74
32 69
97
6
68 69
91 98
6 7
84 87
40 47
43 82
41
27
41 67
44 85
54 100
11 16
10 49
72 93
33 43
21 46
82 89
89 100
53 70
66 76
31 42
3 69
89 100
73 87
20 48
94 96
57 57
94 94
33 46
74 92
34 43
57 67
26 65
1 33
23 42
54
9
96 98
9 36
35 43
24 98
83 99
76 97
40 78
66 93
69 76
70
82
14 82
41 87
34 40
22 26
78 87
7 12
50 93
57 74
67 76
58 66
62 99
61 97
64 90
79 94
35 53
100 100
100 100
67 70
33 51
79 82
1 49
94 95
58 79
59 87
18 41
7 71
13 65
3 94
37 40
17 63
7 13
16 79
61 99
37 52
9 81
83 84
17 76
13 23
71 97
43 79
59 99
63 97
82 93
5 91
98 100
96 97
16 63
22 22
5 15
41 45
67 95
32 82
57 69
66 77
66 96
85 90
3 32
58 88
8 49
87 92
36 93
32 83
50 83
2 53
47 88
77 88
9 99
65 86
26 33
84 98
78 91
81 96
69 91
84 93
17 24
49 89
42 97
74 85
90 100
24 34
79 84
4 83
91
63
78 94
4 92
31 85
100 100
4 15
18 30
69 99
93 93
7 41
49 79
68 86
8 35
72 75
31 51
46 84
60 76
43 57
78 97
34 72
79 89
12 82
18 42
70 82
49 63
61 78
64 69
91 99
27 29
11 60
40 56
63 99
21 58
16 51
73 77
91 100
56 56
78 96
76 86
77 85
49 50
91 94
68 99
24 59
4 62
87 97
53 96
42 79
2 6
5 15
92 94
61 66
27 32
91 100
8 37
48 79
84 100
29 30
49 67
41 68
10 19
66 91
88 92
77 83
54
53
30 66
44 62
72 82
79 88
89 97
3 29
69 82
67 85
19 100
2 23
20 43
14 93
90 98
5 20
20 98
89 94
96 98
44 77
48 63
25 61
26 79
93 99
98 100
6 33
57 81
31 62
35 90
72 72
57 78
37 90
25 87
73 99
53 84
81 86
81 89
100 100
68 86
13 76
85 98
59 75
88 94
78 82
60 94
31 47
41 59
92 95
77 89
95 99
38 51
86 100
28 38
97 97
69 97
76
13
84 88
49 87
34 42
28 48
2 34
96 98
36 76
53 88
96 96
74 97
68 93
64 95
75 100
31
28
96 99
34 79
46 76
86 96
73 91
72 76
97 98
62 88
17 25
40 74
98 100
79 96
73 82
59 80
79 97
11 53
96 98
78 86
55 91
3 85
95 96
75 75
84 98
82 99
71 88
19 77
68 81
73 92
39
91
90 93
61 93
1 13
35 62
76 93
91 98
91 91
6 30
44 47
65 81
99 99
76 96
24 44
52 55
78 78
61 65
18 47
71 90
56 83
28 94
1 89
70 90
99 99
60 96
57 98
11 69
14 86
83 91
67 100
32 32
2 37
86 93
74 88
95 98
89 95
3 7
69 80
72 78
34 92
63 63
2 85
86 92
18 100
64 93
33 68
54 86
14 31
8 86
67 68
83 93
3 51
72 80
99 100
45 89
25 83
2 36
41 64
26 29
60 76
71 100
13 49
64 65
42 86
6 30
12 32
85 95
59 72
95 100
24 42
97 99
59 62
77 89
7 22
96 98
44 53
40 67
40 60
73 81
97 99
72 76
30 76
48 79
40 83
16 38
43 81
8 61
49 83
72 95
10 79
26 78
69 89
56
5
90 91
56 97
24 47
50 84
85 87
87
11
23 34
59 94
1 5
86 94
63 99
23 47
2 99
13 96
20 57
49 81
6 31
91
30
82 88
96 99
12 60
48 78
72 83
1 62
18 39
40 82
24 46
10 53
3 24
86 90
8 49
36 60
13 88
85 88
96 96
50 54
56 86
42 77
10 13
28 28
49 60
44 54
52 79
97 99
80 98
7 86
2 40
82 90
70
