7
269
189 104 181 211 89 158 38 43 223 22 102 57 41 127 149 143 182 143 146 107 55 32 193 23 58 23 136 203 128 122 206 141 87 69 104 148 198 120 166 188 207 206 205 210 119 117 195 59 183 117 146 27 159 214 92 194 96 109 24 79 205 99 161 83 205 229 31 218 156 55 26 151 68 41 179 110 58 29 164 127 162 45 160 20 40 75 45 44 24 116 101 192 179 171 210 207 215 168 196 220 119 107 73 70 104 92 176 72 101 52 97 79 61 63 228 162 219 90 104 71 85 96 137 230 199 65 191 88 29 72 193 230 37 158 67 201 220 138 150 68 186 187 145 169 157 139 119 177 67 58 132 118 83 168 210 52 41 93 101 169 60 66 145 185 61 140 110 228 34 173 184 77 219 83 214 45 177 115 156 54 97 20 224 200 152 40 76 68 219 221 37 116 181 112 89 130 166 100 110 149 57 101 28 218 136 112 201 215 114 83 191 61 91 193 138 152 101 76 95 132 30 37 158 143 156 195 135 129 22 97 137 104 208 27 90 131 172 220 54 187 194 180 95 115 207 121 87 193 186 53 62 108 162 81 192 137 150 200 80 42 186 91 124 45 150 149 117 92 81
181
80 74 218 119 113 107 24 206 213 193 213 129 223 119 127 52 111 202 147 126 146 225 58 88 82 198 217 132 156 102 127 72 168 105 162 97 224 170 43 134 197 64 132 93 109 114 216 211 182 191 68 221 169 120 222 78 50 131 202 176 153 223 182 21 174 120 47 131 81 101 196 96 102 104 149 56 109 144 68 62 216 48 21 148 63 34 125 171 140 112 37 51 22 80 168 168 230 203 113 64 150 213 88 198 223 99 204 78 23 116 123 117 51 55 49 25 91 84 137 217 69 116 32 120 218 34 57 82 127 34 111 181 203 154 161 47 149 70 168 212 191 214 23 228 156 118 36 101 172 190 189 182 195 152 202 92 173 135 221 214 47 204 56 37 182 188 53 30 152 127 30 57 185 193 95 105 141 205 32 87 122
271
45 203 55 73 32 63 124 136 145 129 175 75 191 138 194 33 180 111 151 122 63 230 37 186 122 45 223 146 39 167 34 143 64 211 228 57 92 212 27 114 77 29 77 115 171 174 27 133 202 178 135 192 73 134 144 102 206 61 115 49 112 222 37 228 114 196 37 90 88 76 216 157 202 84 215 105 62 185 102 220 100 63 61 141 30 70 38 206 136 193 95 201 215 222 121 56 68 141 113 189 228 107 210 36 106 104 108 25 201 173 91 184 140 74 109 173 93 114 105 145 135 25 25 170 221 80 100 71 182 78 230 109 69 157 216 70 73 218 177 88 24 132 227 135 138 33 168 101 159 141 113 65 206 76 138 108 162 175 54 105 170 24 184 181 100 85 106 77 73 228 58 69 168 142 219 82 226 186 98 178 44 29 115 52 213 219 178 84 62 227 124 60 229 88 222 24 156 210 56 70 143 92 162 129 205 142 133 34 230 85 82 71 133 166 62 100 86 157 128 194 30 123 213 163 144 145 196 85 226 131 184 133 186 88 43 129 169 64 89 42 40 39 90 103 158 106 108 37 61 91 222 203 215 59 61 48 171 194 222 170 166 38 147 182 45 141 82 204 132 113 82
105
77 78 48 179 28 181 37 104 32 156 196 188 165 21 195 104 154 70 90 149 74 217 187 200 41 172 136 213 144 40 216 183 153 96 91 113 29 27 156 148 54 104 156 191 151 146 226 123 185 94 178 151 123 52 119 92 202 153 166 164 72 35 109 112 208 134 185 52 113 40 23 166 166 205 189 132 167 59 145 80 117 103 189 46 153 192 202 43 56 127 70 136 48 91 58 106 49 175 68 125 221 142 230 189 60
18
93 35 110 50 104 90 171 218 213 121 100 177 210 68 194 160 142 53
237
106 108 124 60 97 156 67 173 175 217 168 21 63 69 172 159 50 222 168 185 50 210 32 178 150 72 174 224 155 176 75 42 140 89 164 177 119 105 166 137 88 194 218 96 144 118 203 135 219 106 117 162 191 132 39 225 114 134 132 49 176 86 174 175 90 139 29 146 128 96 65 157 75 68 185 73 66 82 59 144 170 53 67 112 195 23 73 114 108 159 143 184 33 168 44 192 45 50 84 115 210 33 83 44 69 201 133 155 117 180 26 161 213 142 54 229 59 166 211 93 173 206 205 62 111 123 91 51 229 88 35 185 174 45 200 193 78 29 34 133 221 196 93 165 46 175 135 192 105 94 164 31 223 219 181 221 45 168 165 193 216 77 152 190 145 63 176 227 104 123 93 48 173 175 72 64 42 201 21 45 52 53 59 89 38 218 123 71 187 22 157 215 100 207 210 141 159 166 28 25 94 171 187 179 191 171 180 38 230 96 20 148 145 146 217 103 23 178 129 52 127 197 98 107 98 193 43 62 48 151 173 31 73 89 133 104 61
53
41 36 57 189 109 225 147 208 34 123 96 179 52 139 165 55 206 194 20 36 176 214 216 82 128 181 211 25 21 182 71 170 48 34 93 47 138 149 125 208 38 214 104 73 174 104 56 155 213 202 160 195 74